2, 1, 6, 0, 0, 0, 0, 0, 0, 0, 0, 1, 0, 1, -0.177145, -0.0992014, -0.0921156, -0.184231, -0.127545, -0.148802, -0.177145, -0.120459, 6.92993, -0.177145, 1, 0.025, 0.014, 0.013, 0.026, 0.018, 0.021, 0.025, 0.017, 0.022, 0.025, 3, 0.0470423, 
2, 1, 8, 0, 0, 0, 0, 0, 0, 0, 1, 0, 0, 1, -0.125398, -0.125398, -0.178197, -0.0989985, -0.151798, -0.164997, -0.211197, 6.4349, -0.178197, -0.131998, 1, 0.019, 0.019, 0.027, 0.015, 0.023, 0.025, 0.032, 0.025, 0.027, 0.02, 4, 0.0378794, 
3, 1, 12, 0, 0, 0, 1, 0, 0, 0, 0, 0, 0, 1, -0.293329, -0.285401, -0.214051, 3.64679, -0.265581, -0.273509, -0.210087, -0.281437, -0.249726, -0.245762, 1, 0.074, 0.072, 0.054, 0.08, 0.067, 0.069, 0.053, 0.071, 0.063, 0.062, 5, 0.0504554, 
3, 1, 28, 0, 0, 0, 1, 1, 0, 0, 0, 0, 0, 1, -0.279148, -0.235072, -0.319551, 3.4012, 3.4012, -0.279148, -0.268129, -0.275475, -0.326897, -0.378319, 1, 0.076, 0.064, 0.087, 0.074, 0.074, 0.076, 0.073, 0.075, 0.089, 0.103, 4, 0.0680643, 
2, 2, 4, 0, 0, 0, 0, 0, 0, 0, 0, 0, 1, 1, -0.277637, -0.247622, -0.277637, -0.296397, -0.232615, -0.26263, -0.360178, -0.273885, -0.26263, 3.47797, 1, 0.074, 0.066, 0.074, 0.079, 0.062, 0.07, 0.096, 0.073, 0.07, 0.073, 25, 0.0106614, 
3, 2, 18, 0, 0, 1, 3, 0, 0, 0, 0, 0, 2, 1, -0.725553, -0.68509, 0.742297, 3.47847, -0.786946, -0.717182, -0.665556, -0.678113, -0.726949, 2.09992, 1, 0.52, 0.491, 0.468, 0.507, 0.564, 0.514, 0.477, 0.486, 0.521, 0.495, 172, 0.00416683, 
2, 2, 21, 3, 1, 3, 6, 2, 1, 7, 4, 0, 5, 1, 0.482719, -0.782245, 0.476701, 2.55065, -0.110985, -0.839075, 3.23194, 1.18072, -1.47022, 1.81053, 1, 2.278, 2.17, 2.287, 2.185, 2.166, 2.255, 2.166, 2.234, 2.199, 2.292, 176, 0.00849827, 
3, 2, 29, 0, 0, 0, 0, 1, 0, 0, 0, 0, 0, 1, -0.185897, -0.138095, -0.154029, -0.180586, 5.0989, -0.180586, -0.244322, -0.207143, -0.265568, -0.191209, 1, 0.035, 0.026, 0.029, 0.034, 0.04, 0.034, 0.046, 0.039, 0.05, 0.036, 49, 0.00384236, 
1, 2, 30, 0, 0, 0, 0, 1, 0, 0, 0, 1, 0, 1, -0.227892, -0.292461, -0.216497, -0.227892, 3.52473, -0.284865, -0.246883, -0.265874, 3.46016, -0.372224, 1, 0.06, 0.077, 0.057, 0.06, 0.072, 0.075, 0.065, 0.07, 0.089, 0.098, 59, 0.00446242, 
2, 2, 47, 0, 0, 0, 1, 0, 2, 0, 0, 0, 0, 1, -0.493465, -0.458714, -0.430913, 1.87424, -0.481881, 4.2072, -0.500415, -0.442497, -0.356778, -0.393845, 1, 0.213, 0.198, 0.186, 0.191, 0.208, 0.184, 0.216, 0.191, 0.154, 0.17, 130, 0.00332032, 
3, 2, 50, 2, 1, 1, 0, 0, 0, 0, 0, 0, 0, 1, 6.12386, 2.89341, 2.90931, -0.324317, -0.260725, -0.248007, -0.308419, -0.276623, -0.260725, -0.308419, 1, 0.074, 0.09, 0.085, 0.102, 0.082, 0.078, 0.097, 0.087, 0.082, 0.097, 40, 0.00786269, 
3, 3, 10, 0, 1, 0, 0, 0, 0, 0, 0, 0, 0, 1, -0.274089, 4.25512, -0.265102, -0.283075, -0.197704, -0.19321, -0.211183, -0.20669, -0.238143, -0.184224, 1, 0.061, 0.053, 0.059, 0.063, 0.044, 0.043, 0.047, 0.046, 0.053, 0.041, 39, 0.00570655, 
3, 3, 20, 0, 0, 2, 0, 0, 1, 0, 1, 0, 0, 1, -0.412521, -0.421441, 4.01149, -0.416981, -0.503945, 1.7705, -0.479417, 1.76827, -0.519554, -0.474957, 1, 0.185, 0.189, 0.201, 0.187, 0.226, 0.206, 0.215, 0.207, 0.233, 0.213, 83, 0.00540315, 
3, 3, 22, 0, 0, 0, 1, 0, 0, 0, 0, 0, 0, 1, -0.25719, -0.268881, -0.218222, 3.60456, -0.2455, -0.272778, -0.2455, -0.323436, -0.268881, -0.233809, 1, 0.066, 0.069, 0.056, 0.075, 0.063, 0.07, 0.063, 0.083, 0.069, 0.06, 62, 0.00413902, 
2, 3, 31, 0, 0, 0, 0, 0, 0, 0, 0, 0, 1, 1, -0.249153, -0.261209, -0.289339, -0.289339, -0.241116, -0.192893, -0.289339, -0.25719, -0.25719, 3.73729, 1, 0.062, 0.065, 0.072, 0.072, 0.06, 0.048, 0.072, 0.064, 0.064, 0.07, 44, 0.00565553, 
1, 3, 40, 0, 0, 1, 0, 0, 0, 0, 0, 1, 0, 1, -0.28897, -0.363888, 3.25359, -0.371023, -0.313943, -0.296105, -0.26043, -0.221187, 3.33207, -0.217619, 1, 0.081, 0.102, 0.088, 0.104, 0.088, 0.083, 0.073, 0.062, 0.066, 0.061, 67, 0.00418367, 
2, 3, 44, 0, 0, 0, 0, 0, 0, 1, 0, 0, 0, 1, -0.254645, -0.254645, -0.241242, -0.205503, -0.24571, -0.20997, 4.26195, -0.1921, -0.205503, -0.196568, 1, 0.057, 0.057, 0.054, 0.046, 0.055, 0.047, 0.046, 0.043, 0.046, 0.044, 25, 0.00895365, 
2, 3, 50, 0, 0, 0, 0, 0, 0, 0, 0, 0, 1, 1, -0.222393, -0.233513, -0.205714, -0.172355, -0.183474, -0.172355, -0.177915, -0.161235, -0.172355, 5.40415, 1, 0.04, 0.042, 0.037, 0.031, 0.033, 0.031, 0.032, 0.029, 0.031, 0.028, 29, 0.00620213, 
2, 4, 3, 0, 0, 0, 0, 0, 0, 0, 1, 0, 0, 1, -0.0342141, -0.0684283, -0.114047, -0.0456189, -0.0912377, -0.0912377, -0.125452, 11.2565, -0.0684283, -0.136857, 1, 0.003, 0.006, 0.01, 0.004, 0.008, 0.008, 0.011, 0.013, 0.006, 0.012, 1, 0.087683, 
3, 4, 17, 0, 1, 0, 0, 0, 0, 0, 0, 0, 0, 1, -0.134483, 6.2759, -0.102464, -0.121676, -0.192119, -0.153695, -0.179311, -0.179311, -0.192119, -0.243351, 1, 0.021, 0.02, 0.016, 0.019, 0.03, 0.024, 0.028, 0.028, 0.03, 0.038, 1, 0.156153, 
3, 4, 18, 0, 0, 1, 0, 0, 0, 0, 0, 0, 0, 1, -0.080378, -0.0602835, 9.97692, -0.11052, -0.140661, -0.100472, -0.080378, -0.150709, -0.120567, -0.11052, 1, 0.008, 0.006, 0.007, 0.011, 0.014, 0.01, 0.008, 0.015, 0.012, 0.011, 1, 0.0995298, 
2, 5, 3, 1, 1, 1, 0, 1, 0, 0, 0, 0, 2, 1, 1.60309, 1.70368, 1.678, -0.477288, 1.67158, -0.464446, -0.430201, -0.445183, -0.515813, 3.78834, 1, 0.251, 0.204, 0.216, 0.223, 0.219, 0.217, 0.201, 0.208, 0.241, 0.23, 86, 0.00543283, 
3, 5, 13, 0, 1, 0, 0, 0, 0, 0, 0, 0, 0, 1, -0.170842, 4.71036, -0.151317, -0.195248, -0.214773, -0.24406, -0.287991, -0.20501, -0.253822, -0.248941, 1, 0.035, 0.035, 0.031, 0.04, 0.044, 0.05, 0.059, 0.042, 0.052, 0.051, 32, 0.00640212, 
3, 5, 22, 0, 1, 0, 0, 0, 0, 0, 0, 0, 0, 1, -0.19825, 4.3615, -0.184418, -0.216692, -0.29968, -0.179808, -0.262796, -0.189029, -0.239744, -0.230523, 1, 0.043, 0.054, 0.04, 0.047, 0.065, 0.039, 0.057, 0.041, 0.052, 0.05, 37, 0.00586211, 
2, 5, 26, 0, 0, 0, 0, 0, 0, 1, 0, 0, 0, 1, -0.0970822, -0.119486, -0.0821465, -0.0821465, -0.164293, -0.164293, 7.37825, -0.186697, -0.201632, -0.224036, 1, 0.013, 0.016, 0.011, 0.011, 0.022, 0.022, 0.012, 0.025, 0.027, 0.03, 11, 0.0121734, 
2, 5, 34, 1, 0, 0, 0, 0, 2, 0, 0, 0, 0, 1, 2.24081, -0.447091, -0.398901, -0.436382, -0.380161, 4.97154, -0.377484, -0.326617, -0.39087, -0.374807, 1, 0.163, 0.167, 0.149, 0.163, 0.142, 0.143, 0.141, 0.122, 0.146, 0.14, 41, 0.00911039, 
3, 5, 36, 1, 0, 0, 0, 0, 0, 0, 0, 0, 0, 1, 10.5466, -0.13849, -0.0213062, -0.106531, -0.0852248, -0.0532655, -0.0852248, -0.0852248, -0.149143, -0.149143, 1, 0.01, 0.013, 0.002, 0.01, 0.008, 0.005, 0.008, 0.008, 0.014, 0.014, 15, 0.00625796, 
2, 5, 43, 0, 1, 0, 0, 1, 1, 2, 1, 0, 0, 1, -0.419554, 2.06097, -0.404833, -0.37539, 2.10022, 2.04134, 4.50223, 2.08305, -0.316506, -0.37539, 1, 0.171, 0.16, 0.165, 0.153, 0.144, 0.168, 0.165, 0.151, 0.129, 0.153, 63, 0.00646946, 
1, 5, 50, 0, 1, 0, 0, 0, 0, 1, 0, 0, 0, 1, -0.283396, 3.51565, -0.256589, -0.279567, -0.337012, -0.264248, 3.56926, -0.268078, -0.252759, -0.279567, 1, 0.074, 0.082, 0.067, 0.073, 0.088, 0.069, 0.068, 0.07, 0.066, 0.073, 29, 0.00900408, 
1, 6, 2, 0, 0, 1, 0, 0, 0, 0, 0, 1, 0, 1, -0.311324, -0.199805, 4.405, -0.181219, -0.223038, -0.223038, -0.236978, -0.195158, 4.45147, -0.227685, 1, 0.067, 0.043, 0.052, 0.039, 0.048, 0.048, 0.051, 0.042, 0.042, 0.049, 11, 0.0195645, 
3, 6, 5, 1, 0, 0, 0, 0, 0, 0, 0, 0, 0, 1, 6.83759, -0.139828, -0.160802, -0.167794, -0.174785, -0.195759, -0.0908882, -0.125845, -0.118854, -0.146819, 1, 0.022, 0.02, 0.023, 0.024, 0.025, 0.028, 0.013, 0.018, 0.017, 0.021, 4, 0.0357582, 
2, 6, 16, 0, 0, 0, 0, 0, 0, 0, 0, 0, 1, 1, -0.300055, -0.28866, -0.273467, -0.296256, -0.303853, -0.300055, -0.254477, -0.265871, -0.216495, 3.55128, 1, 0.079, 0.076, 0.072, 0.078, 0.08, 0.079, 0.067, 0.07, 0.057, 0.065, 11, 0.023935, 
2, 6, 18, 0, 0, 0, 0, 0, 0, 1, 0, 0, 0, 1, -0.353975, -0.303918, -0.311069, -0.311069, -0.300343, -0.343249, 3.33952, -0.257437, -0.271739, -0.339673, 1, 0.099, 0.085, 0.087, 0.087, 0.084, 0.096, 0.066, 0.072, 0.076, 0.095, 11, 0.0254255, 
3, 6, 24, 0, 0, 0, 0, 1, 0, 0, 0, 0, 0, 1, -0.280678, -0.270472, -0.224543, -0.285782, 4.86849, -0.183717, -0.137788, -0.178613, -0.147994, -0.137788, 1, 0.055, 0.053, 0.044, 0.056, 0.046, 0.036, 0.027, 0.035, 0.029, 0.027, 5, 0.0391908, 
2, 6, 44, 0, 0, 0, 0, 0, 0, 1, 0, 0, 0, 1, -0.22183, -0.174775, -0.161331, -0.12772, -0.120998, -0.134442, 6.5675, -0.181497, -0.100832, -0.161331, 1, 0.033, 0.026, 0.024, 0.019, 0.018, 0.02, 0.023, 0.027, 0.015, 0.024, 10, 0.0148763, 
2, 6, 50, 0, 0, 0, 0, 0, 0, 0, 0, 0, 1, 1, -0.114747, -0.0458986, -0.103272, -0.0917972, -0.114747, -0.0573733, -0.0803226, -0.114747, -0.0458986, 11.337, 1, 0.01, 0.004, 0.009, 0.008, 0.01, 0.005, 0.007, 0.01, 0.004, 0.012, 11, 0.0079226, 
3, 7, 2, 0, 2, 0, 1, 0, 0, 0, 0, 1, 0, 1, -0.323762, 4.87767, -0.382146, 2.25838, -0.403376, -0.416645, -0.403376, -0.395415, 2.25041, -0.3503, 1, 0.122, 0.162, 0.144, 0.149, 0.152, 0.157, 0.152, 0.149, 0.152, 0.132, 46, 0.00819173, 
2, 7, 6, 0, 0, 0, 0, 0, 0, 0, 0, 1, 0, 1, -0.217123, -0.200421, -0.183719, -0.22269, -0.233825, -0.150316, -0.194854, -0.150316, 5.42251, -0.111345, 1, 0.039, 0.036, 0.033, 0.04, 0.042, 0.027, 0.035, 0.027, 0.026, 0.02, 21, 0.00855342, 
2, 7, 16, 1, 0, 0, 1, 0, 0, 4, 0, 0, 0, 1, 0.224243, -0.923483, -0.911331, 0.209882, -0.922378, -0.890343, 3.47632, -0.850576, -0.924587, -0.922378, 1, 0.797, 0.836, 0.825, 0.81, 0.835, 0.806, 0.853, 0.77, 0.837, 0.835, 46, 0.0196798, 
2, 7, 22, 0, 0, 0, 0, 0, 0, 0, 0, 1, 0, 1, -0.134906, -0.193561, -0.152502, -0.158368, -0.146637, -0.158368, -0.222888, -0.240484, 5.67778, -0.175964, 1, 0.023, 0.033, 0.026, 0.027, 0.025, 0.027, 0.038, 0.041, 0.032, 0.03, 22, 0.00774951, 
3, 7, 30, 0, 0, 1, 0, 0, 0, 0, 0, 0, 0, 1, -0.224677, -0.160483, 6.17539, -0.198999, -0.179741, -0.0834513, -0.147645, -0.128387, -0.141225, -0.0706126, 1, 0.035, 0.025, 0.038, 0.031, 0.028, 0.013, 0.023, 0.02, 0.022, 0.011, 20, 0.00778898, 
2, 7, 35, 0, 0, 0, 0, 0, 0, 0, 0, 0, 1, 1, -0.0796941, -0.091079, -0.102464, -0.0796941, -0.102464, -0.0683093, -0.102464, -0.0796941, -0.091079, 11.2938, 1, 0.007, 0.008, 0.009, 0.007, 0.009, 0.006, 0.009, 0.007, 0.008, 0.008, 3, 0.0292786, 
3, 7, 37, 6, 1, 3, 0, 2, 2, 1, 2, 0, 3, 1, 3.79452, -0.415159, 1.30527, -1.31382, 0.39722, 0.462142, -0.364759, 0.451891, -1.23608, 1.31809, 1, 1.558, 1.486, 1.472, 1.538, 1.535, 1.459, 1.427, 1.471, 1.447, 1.457, 46, 0.0254486, 
3, 7, 46, 0, 1, 0, 0, 0, 0, 0, 0, 0, 0, 1, -0.215888, 4.38665, -0.271008, -0.197514, -0.188328, -0.238854, -0.266415, -0.248041, -0.243448, -0.183734, 1, 0.047, 0.045, 0.059, 0.043, 0.041, 0.052, 0.058, 0.054, 0.053, 0.04, 29, 0.0075071, 
3, 8, 33, 0, 0, 0, 0, 1, 0, 0, 0, 0, 0, 1, -0.241072, -0.223346, -0.209166, -0.333247, 3.24384, -0.326157, -0.283614, -0.319066, -0.336792, -0.326157, 1, 0.068, 0.063, 0.059, 0.094, 0.085, 0.092, 0.08, 0.09, 0.095, 0.092, 45, 0.00626829, 
1, 8, 41, 0, 0, 1, 0, 0, 0, 0, 0, 1, 0, 1, -0.278833, -0.270979, 3.65232, -0.231706, -0.310251, -0.239561, -0.267051, -0.267051, 3.72301, -0.227779, 1, 0.071, 0.069, 0.07, 0.059, 0.079, 0.061, 0.068, 0.068, 0.052, 0.058, 47, 0.00541771, 
1, 8, 47, 0, 1, 0, 0, 0, 0, 0, 1, 0, 0, 1, -0.313969, 3.68129, -0.286497, -0.286497, -0.266874, -0.262949, -0.259024, 3.68129, -0.20408, -0.290421, 1, 0.08, 0.062, 0.073, 0.073, 0.068, 0.067, 0.066, 0.062, 0.052, 0.074, 58, 0.00439314, 
3, 9, 40, 0, 0, 0, 1, 0, 0, 0, 0, 0, 0, 1, -0.208295, -0.17207, -0.181126, 8.88424, -0.0905631, -0.0815068, -0.0905631, -0.0905631, -0.0543379, -0.0452816, 1, 0.023, 0.019, 0.02, 0.019, 0.01, 0.009, 0.01, 0.01, 0.006, 0.005, 3, 0.0368067, 
3, 9, 49, 0, 0, 0, 1, 0, 0, 0, 0, 0, 0, 1, -0.140661, -0.0781449, -0.0937738, 15.5508, -0.0468869, -0.109403, -0.0312579, -0.0312579, -0.0468869, -0.0312579, 1, 0.009, 0.005, 0.006, 0.005, 0.003, 0.007, 0.002, 0.002, 0.003, 0.002, 3, 0.0213279, 
3, 10, 9, 0, 2, 0, 0, 0, 0, 0, 0, 0, 0, 1, -0.428154, 4.8602, -0.425559, -0.407395, -0.394421, -0.425559, -0.417775, -0.446318, -0.474862, -0.430749, 1, 0.165, 0.127, 0.164, 0.157, 0.152, 0.164, 0.161, 0.172, 0.183, 0.166, 103, 0.00374151, 
2, 10, 23, 0, 0, 0, 0, 0, 0, 0, 0, 1, 0, 1, -0.264516, -0.196383, -0.2565, -0.228446, -0.280547, -0.268524, -0.252493, -0.280547, 3.75132, -0.304594, 1, 0.066, 0.049, 0.064, 0.057, 0.07, 0.067, 0.063, 0.07, 0.064, 0.076, 24, 0.0103963, 
2, 10, 31, 0, 0, 0, 0, 0, 0, 1, 0, 1, 0, 1, -0.276989, -0.253907, -0.300072, -0.242366, -0.280836, -0.246213, 3.64318, -0.215436, 3.63933, -0.226977, 1, 0.072, 0.066, 0.078, 0.063, 0.073, 0.064, 0.053, 0.056, 0.054, 0.059, 41, 0.00633995, 
2, 10, 32, 0, 0, 0, 0, 0, 0, 0, 0, 0, 2, 1, -0.436192, -0.440532, -0.496955, -0.468743, -0.470913, -0.490444, -0.575079, -0.486104, -0.494785, 3.84109, 1, 0.201, 0.203, 0.229, 0.216, 0.217, 0.226, 0.265, 0.224, 0.228, 0.23, 137, 0.00336355, 
3, 10, 36, 0, 0, 0, 1, 0, 0, 0, 0, 0, 0, 1, -0.230555, -0.17169, -0.176595, 4.75826, -0.22565, -0.201122, -0.250177, -0.181501, -0.206028, -0.259988, 1, 0.047, 0.035, 0.036, 0.03, 0.046, 0.041, 0.051, 0.037, 0.042, 0.053, 30, 0.0067952, 
3, 10, 42, 1, 0, 0, 0, 0, 0, 0, 0, 0, 0, 1, 4.09358, -0.224246, -0.237437, -0.167085, -0.215452, -0.215452, -0.206658, -0.237437, -0.325376, -0.206658, 1, 0.069, 0.051, 0.054, 0.038, 0.049, 0.049, 0.047, 0.054, 0.074, 0.047, 39, 0.00583151, 
3, 10, 44, 0, 0, 0, 1, 0, 0, 0, 0, 0, 0, 1, -0.146952, -0.220428, -0.234205, 4.34886, -0.243389, -0.220428, -0.243389, -0.234205, -0.174505, -0.192874, 1, 0.032, 0.048, 0.051, 0.053, 0.053, 0.048, 0.053, 0.051, 0.038, 0.042, 40, 0.00544396, 
3, 10, 45, 2, 2, 0, 0, 0, 0, 0, 0, 0, 0, 1, 3.33205, 3.36321, -0.527754, -0.572545, -0.537491, -0.558913, -0.467383, -0.48491, -0.494647, -0.463489, 1, 0.289, 0.273, 0.271, 0.294, 0.276, 0.287, 0.24, 0.249, 0.254, 0.238, 107, 0.00479904, 
2, 10, 46, 0, 0, 0, 0, 0, 2, 1, 0, 0, 0, 1, -0.43758, -0.384476, -0.492808, -0.492808, -0.441828, 3.77891, 1.63349, -0.53954, -0.482188, -0.505553, 1, 0.206, 0.181, 0.232, 0.232, 0.208, 0.221, 0.231, 0.254, 0.227, 0.238, 95, 0.00495549, 
2, 10, 48, 0, 0, 0, 0, 0, 1, 0, 0, 0, 0, 1, -0.218927, -0.174147, -0.139317, -0.154244, -0.124391, 4.74674, -0.179122, -0.233854, -0.233854, -0.408001, 1, 0.044, 0.035, 0.028, 0.031, 0.025, 0.046, 0.036, 0.047, 0.047, 0.082, 129, 0.00155798, 
3, 11, 2, 0, 1, 0, 0, 0, 0, 0, 0, 0, 0, 1, -0.267642, 3.62286, -0.287036, -0.271521, -0.232732, -0.279279, -0.213338, -0.314188, -0.290915, -0.263763, 1, 0.069, 0.066, 0.074, 0.07, 0.06, 0.072, 0.055, 0.081, 0.075, 0.068, 17, 0.0151651, 
2, 11, 11, 0, 0, 0, 0, 0, 0, 1, 0, 0, 0, 1, -0.0481944, -0.0578333, -0.0771111, -0.0578333, -0.134944, -0.0771111, 9.49431, -0.154222, -0.192778, -0.163861, 1, 0.005, 0.006, 0.008, 0.006, 0.014, 0.008, 0.015, 0.016, 0.02, 0.017, 9, 0.0115274, 
3, 11, 27, 0, 0, 0, 0, 1, 0, 0, 0, 0, 0, 1, -0.197691, -0.188047, -0.25073, -0.212156, 4.60957, -0.192869, -0.192869, -0.25073, -0.216978, -0.197691, 1, 0.041, 0.039, 0.052, 0.044, 0.044, 0.04, 0.04, 0.052, 0.045, 0.041, 13, 0.0159534, 
2, 11, 46, 0, 0, 0, 0, 0, 0, 1, 1, 0, 0, 1, -0.291034, -0.266088, -0.2453, -0.224512, -0.261931, -0.270246, 3.93312, 3.92065, -0.203724, -0.257773, 1, 0.07, 0.064, 0.059, 0.054, 0.063, 0.065, 0.054, 0.057, 0.049, 0.062, 8, 0.0300652, 
3, 12, 5, 0, 1, 2, 0, 3, 0, 2, 0, 2, 0, 1, -0.733339, 0.579596, 1.98641, -0.78504, 3.32111, -0.775516, 1.92382, -0.790482, 1.97144, -0.768713, 1, 0.539, 0.574, 0.54, 0.577, 0.559, 0.57, 0.586, 0.581, 0.551, 0.565, 216, 0.00340275, 
2, 12, 7, 0, 0, 0, 0, 0, 0, 0, 0, 0, 1, 1, -0.1343, -0.160127, -0.185954, -0.139466, -0.175624, -0.216947, -0.294428, -0.165293, -0.232443, 4.90713, 1, 0.026, 0.031, 0.036, 0.027, 0.034, 0.042, 0.057, 0.032, 0.045, 0.05, 56, 0.00345707, 
3, 12, 19, 2, 6, 1, 0, 2, 4, 0, 2, 0, 0, 1, 0.598094, 4.06093, -0.251461, -1.15952, 0.545706, 2.32078, -1.23723, 0.536102, -1.18571, -1.22238, 1, 1.315, 1.349, 1.288, 1.328, 1.375, 1.342, 1.417, 1.386, 1.358, 1.4, 304, 0.00376745, 
3, 12, 30, 1, 0, 1, 0, 2, 0, 0, 0, 0, 0, 1, 2.62257, -0.364906, 2.60774, -0.344139, 5.60709, -0.391606, -0.385673, -0.320405, -0.361939, -0.335239, 1, 0.116, 0.123, 0.121, 0.116, 0.11, 0.132, 0.13, 0.108, 0.122, 0.113, 77, 0.00437758, 
3, 12, 35, 0, 1, 0, 0, 0, 0, 0, 0, 0, 0, 1, -0.159332, 4.74012, -0.189206, -0.263893, -0.204144, -0.293768, -0.209123, -0.204144, -0.194185, -0.159332, 1, 0.032, 0.048, 0.038, 0.053, 0.041, 0.059, 0.042, 0.041, 0.039, 0.032, 39, 0.00514972, 
1, 12, 36, 0, 0, 0, 1, 0, 0, 0, 1, 0, 0, 1, -0.228102, -0.28893, -0.273723, 3.49377, -0.273723, -0.231904, -0.285128, 3.5736, -0.269921, -0.262318, 1, 0.06, 0.076, 0.072, 0.081, 0.072, 0.061, 0.075, 0.06, 0.071, 0.069, 76, 0.00346105, 
2, 12, 39, 0, 0, 0, 0, 0, 0, 0, 1, 0, 0, 1, -0.15797, -0.145332, -0.164288, -0.189564, -0.120057, -0.170607, -0.233795, 6.17978, -0.145332, -0.170607, 1, 0.025, 0.023, 0.026, 0.03, 0.019, 0.027, 0.037, 0.022, 0.023, 0.027, 12, 0.0131882, 
2, 12, 41, 0, 1, 1, 0, 0, 0, 0, 0, 0, 4, 1, -0.721711, 0.626512, 0.584058, -0.769311, -0.819483, -0.792467, -0.820769, -0.786035, -0.806618, 4.37787, 1, 0.561, 0.513, 0.546, 0.598, 0.637, 0.616, 0.638, 0.611, 0.627, 0.597, 255, 0.00304831, 
2, 12, 44, 0, 0, 0, 0, 0, 1, 0, 0, 0, 0, 1, -0.256771, -0.221757, -0.2451, -0.311238, -0.229538, 3.61814, -0.233428, -0.287895, -0.260662, -0.334581, 1, 0.066, 0.057, 0.063, 0.08, 0.059, 0.07, 0.06, 0.074, 0.067, 0.086, 79, 0.00325365, 
1, 12, 45, 0, 1, 3, 0, 0, 0, 3, 1, 2, 0, 1, -0.712314, 0.726941, 3.69906, -0.703538, -0.705001, -0.697687, 3.68297, 0.824939, 2.22031, -0.709389, 1, 0.487, 0.503, 0.471, 0.481, 0.482, 0.477, 0.482, 0.436, 0.482, 0.485, 201, 0.00340143, 
3, 13, 1, 0, 0, 0, 0, 1, 0, 0, 0, 0, 0, 1, -0.207158, -0.173746, -0.180428, -0.10692, 6.49542, -0.187111, -0.0868729, -0.167063, -0.140333, -0.120286, 1, 0.031, 0.026, 0.027, 0.016, 0.028, 0.028, 0.013, 0.025, 0.021, 0.018, 8, 0.0187055, 
3, 13, 5, 0, 0, 1, 0, 0, 0, 0, 0, 0, 0, 1, -0.103963, -0.103963, 7.25511, -0.16337, -0.103963, -0.081685, -0.141092, -0.185648, -0.170796, -0.155944, 1, 0.014, 0.014, 0.023, 0.022, 0.014, 0.011, 0.019, 0.025, 0.023, 0.021, 10, 0.0134664, 
2, 13, 15, 1, 0, 0, 0, 0, 0, 1, 0, 0, 1, 1, 3.21402, -0.318601, -0.259082, -0.269585, -0.224071, -0.234574, 3.26654, -0.231073, -0.231073, 3.27004, 1, 0.082, 0.091, 0.074, 0.077, 0.064, 0.067, 0.067, 0.066, 0.066, 0.066, 18, 0.015868, 
1, 13, 42, 1, 0, 0, 0, 1, 1, 0, 1, 0, 0, 1, 3.79131, -0.232448, -0.212409, -0.17634, 3.75123, 3.71115, -0.320618, 3.74722, -0.356687, -0.388749, 1, 0.054, 0.058, 0.053, 0.044, 0.064, 0.074, 0.08, 0.065, 0.089, 0.097, 4, 0.0623796, 
3, 14, 3, 1, 2, 0, 0, 0, 0, 0, 0, 0, 0, 1, 3.61786, 7.38058, -0.259235, -0.247798, -0.240174, -0.259235, -0.198239, -0.232549, -0.259235, -0.243986, 1, 0.051, 0.064, 0.068, 0.065, 0.063, 0.068, 0.052, 0.061, 0.068, 0.064, 10, 0.026231, 
3, 14, 10, 1, 0, 0, 0, 0, 0, 0, 0, 0, 0, 1, 6.55129, -0.204515, -0.19088, -0.170429, -0.19088, -0.109075, -0.14316, -0.0818059, -0.115892, -0.0818059, 1, 0.039, 0.03, 0.028, 0.025, 0.028, 0.016, 0.021, 0.012, 0.017, 0.012, 10, 0.0146689, 
3, 14, 12, 0, 0, 0, 0, 2, 0, 0, 0, 1, 0, 1, -0.339001, -0.339001, -0.293421, -0.270631, 5.39267, -0.36179, -0.282026, -0.250689, 2.53823, -0.310513, 1, 0.119, 0.119, 0.103, 0.095, 0.107, 0.127, 0.099, 0.088, 0.109, 0.109, 11, 0.031912, 
2, 14, 18, 0, 0, 0, 0, 0, 0, 0, 0, 1, 0, 1, -0.236279, -0.14362, -0.162152, -0.236279, -0.203848, -0.250178, -0.240912, -0.273342, 4.41054, -0.296507, 1, 0.051, 0.031, 0.035, 0.051, 0.044, 0.054, 0.052, 0.059, 0.048, 0.064, 11, 0.0196224, 
3, 14, 19, 0, 0, 0, 0, 1, 0, 0, 0, 0, 0, 1, -0.29563, -0.258156, -0.291467, -0.270648, 3.92647, -0.245665, -0.220682, -0.245665, -0.216518, -0.224846, 1, 0.071, 0.062, 0.07, 0.065, 0.057, 0.059, 0.053, 0.059, 0.052, 0.054, 11, 0.0218332, 
2, 14, 24, 0, 0, 0, 0, 0, 0, 0, 1, 0, 0, 1, -0.287608, -0.325452, -0.295177, -0.28004, -0.234628, -0.234628, -0.230844, 3.54591, -0.16651, -0.196785, 1, 0.076, 0.086, 0.078, 0.074, 0.062, 0.062, 0.061, 0.063, 0.044, 0.052, 4, 0.066062, 
3, 14, 34, 0, 0, 0, 0, 1, 0, 0, 0, 0, 0, 1, -0.236753, -0.283257, -0.224069, -0.24098, 3.98252, -0.27903, -0.219842, -0.24098, -0.253663, -0.245208, 1, 0.056, 0.067, 0.053, 0.057, 0.058, 0.066, 0.052, 0.057, 0.06, 0.058, 10, 0.0236534, 
3, 14, 40, 0, 0, 1, 0, 0, 0, 0, 0, 0, 0, 1, -0.295863, -0.212128, 5.39811, -0.256787, -0.245622, -0.156305, -0.122811, -0.128393, -0.156305, -0.111647, 1, 0.053, 0.038, 0.033, 0.046, 0.044, 0.028, 0.022, 0.023, 0.028, 0.02, 10, 0.0179137, 
3, 14, 48, 0, 0, 0, 1, 0, 0, 0, 0, 0, 0, 1, -0.180551, -0.112066, -0.130744, 6.08894, -0.168099, -0.155648, -0.155648, -0.24281, -0.193003, -0.193003, 1, 0.029, 0.018, 0.021, 0.022, 0.027, 0.025, 0.025, 0.039, 0.031, 0.031, 10, 0.0160619, 
3, 15, 3, 1, 0, 0, 0, 0, 0, 0, 0, 0, 0, 1, 14.8501, -0.0449096, -0.0748494, -0.0898193, -0.0748494, -0.0898193, -0.0598795, -0.0598795, -0.0748494, -0.0149699, 1, 0.008, 0.003, 0.005, 0.006, 0.005, 0.006, 0.004, 0.004, 0.005, 0.001, 6, 0.0111335, 
3, 15, 16, 2, 0, 1, 0, 0, 1, 0, 0, 0, 0, 1, 5.42679, -0.371063, 2.55685, -0.359467, -0.385557, 2.51337, -0.353669, -0.318882, -0.359467, -0.347871, 1, 0.128, 0.128, 0.118, 0.124, 0.133, 0.133, 0.122, 0.11, 0.124, 0.12, 7, 0.0492793, 
3, 15, 17, 1, 0, 0, 0, 0, 0, 0, 0, 0, 0, 1, 4.92918, -0.186397, -0.18122, -0.170864, -0.227819, -0.13462, -0.227819, -0.186397, -0.258885, -0.18122, 1, 0.048, 0.036, 0.035, 0.033, 0.044, 0.026, 0.044, 0.036, 0.05, 0.035, 7, 0.0275908, 
1, 15, 24, 1, 0, 0, 0, 0, 0, 0, 0, 1, 0, 1, 4.82509, -0.120627, -0.201045, -0.190993, -0.180941, -0.216124, -0.201045, -0.251307, 4.78488, -0.296542, 1, 0.04, 0.024, 0.04, 0.038, 0.036, 0.043, 0.04, 0.05, 0.048, 0.059, 5, 0.039792, 
3, 15, 39, 0, 0, 0, 1, 0, 0, 0, 0, 0, 0, 1, -0.0653073, -0.108845, -0.108845, 10.8192, -0.0870764, -0.0979609, -0.195922, -0.0979609, -0.0761918, -0.0544227, 1, 0.006, 0.01, 0.01, 0.006, 0.008, 0.009, 0.018, 0.009, 0.007, 0.005, 1, 0.0918733, 
3, 15, 41, 0, 0, 0, 0, 1, 0, 0, 0, 0, 0, 1, -0.256293, -0.206458, -0.192219, -0.192219, 7.00533, -0.106789, -0.149504, -0.135266, -0.0783116, -0.0640731, 1, 0.036, 0.029, 0.027, 0.027, 0.016, 0.015, 0.021, 0.019, 0.011, 0.009, 6, 0.0234107, 
3, 15, 47, 0, 0, 0, 1, 0, 0, 0, 0, 0, 0, 1, -0.166196, -0.127843, -0.153412, 6.20679, -0.134235, -0.14702, -0.191765, -0.185373, -0.127843, -0.166196, 1, 0.026, 0.02, 0.024, 0.029, 0.021, 0.023, 0.03, 0.029, 0.02, 0.026, 7, 0.0223488, 
3, 15, 48, 0, 1, 0, 0, 0, 0, 0, 0, 0, 0, 1, -0.34517, 3.50047, -0.3039, -0.300148, -0.273885, -0.240118, -0.292644, -0.277637, -0.255126, -0.266381, 1, 0.092, 0.067, 0.081, 0.08, 0.073, 0.064, 0.078, 0.074, 0.068, 0.071, 6, 0.0444226, 
2, 17, 6, 0, 0, 0, 0, 0, 0, 0, 0, 1, 0, 1, -0.138141, -0.0812594, -0.0731334, -0.146267, -0.105637, -0.154393, -0.105637, -0.170645, 7.93904, -0.113763, 1, 0.017, 0.01, 0.009, 0.018, 0.013, 0.019, 0.013, 0.021, 0.023, 0.014, 3, 0.0410209, 
2, 17, 17, 0, 0, 0, 0, 0, 0, 0, 1, 0, 0, 1, -0.213294, -0.16839, -0.145938, -0.185229, -0.157164, -0.213294, -0.190842, 5.43338, -0.185229, -0.174003, 1, 0.038, 0.03, 0.026, 0.033, 0.028, 0.038, 0.034, 0.032, 0.033, 0.031, 9, 0.0197953, 
3, 18, 19, 0, 0, 0, 0, 1, 0, 0, 0, 0, 0, 1, -0.0398239, -0.0132746, -0.0663732, -0.0663732, 13.1817, -0.106197, -0.0796478, -0.132746, -0.0530985, -0.17257, 1, 0.003, 0.001, 0.005, 0.005, 0.007, 0.008, 0.006, 0.01, 0.004, 0.013, 5, 0.0150663, 
1, 18, 21, 0, 2, 0, 0, 0, 1, 0, 0, 0, 0, 1, -0.222048, 9.05309, -0.25443, -0.272934, -0.2313, 4.42709, -0.203544, -0.222048, -0.272934, -0.203544, 1, 0.048, 0.043, 0.055, 0.059, 0.05, 0.043, 0.044, 0.048, 0.059, 0.044, 5, 0.0432339, 
2, 18, 49, 0, 1, 0, 0, 0, 0, 2, 0, 0, 0, 1, -0.404446, 1.77825, -0.479181, -0.402248, -0.38906, -0.413239, 3.94555, -0.40005, -0.404446, -0.349494, 1, 0.184, 0.191, 0.218, 0.183, 0.177, 0.188, 0.205, 0.182, 0.184, 0.159, 5, 0.0909886, 
3, 19, 15, 0, 1, 0, 0, 0, 0, 0, 0, 0, 0, 1, -0.269472, 3.60077, -0.281188, -0.324147, -0.20308, -0.288999, -0.261661, -0.269472, -0.199175, -0.269472, 1, 0.069, 0.078, 0.072, 0.083, 0.052, 0.074, 0.067, 0.069, 0.051, 0.069, 13, 0.0196967, 
3, 19, 20, 0, 0, 1, 0, 0, 0, 0, 0, 0, 0, 1, -0.136736, -0.160866, 7.94678, -0.112606, -0.112606, -0.152823, -0.112606, -0.104563, -0.136736, -0.144779, 1, 0.017, 0.02, 0.012, 0.014, 0.014, 0.019, 0.014, 0.013, 0.017, 0.018, 11, 0.0113025, 
2, 19, 27, 0, 0, 0, 0, 0, 1, 0, 0, 0, 0, 1, -0.179481, -0.260674, -0.256401, -0.269221, -0.222214, 4.04259, -0.294861, -0.264948, -0.226488, -0.230761, 1, 0.042, 0.061, 0.06, 0.063, 0.052, 0.054, 0.069, 0.062, 0.053, 0.054, 13, 0.0180006, 
2, 19, 45, 0, 0, 0, 0, 0, 0, 0, 0, 1, 0, 1, -0.0608949, -0.0487159, -0.146148, -0.0852528, -0.0852528, -0.0852528, -0.133969, -0.0852528, 12.1303, -0.0730738, 1, 0.005, 0.004, 0.012, 0.007, 0.007, 0.007, 0.011, 0.007, 0.004, 0.006, 10, 0.00821087, 
3, 20, 15, 0, 0, 0, 3, 0, 0, 1, 1, 0, 0, 1, -0.700626, -0.762528, -0.716101, 3.5172, -0.644351, -0.740018, 0.682336, 0.706253, -0.623247, -0.635909, 1, 0.498, 0.542, 0.509, 0.5, 0.458, 0.526, 0.515, 0.498, 0.443, 0.452, 105, 0.00676946, 
3, 20, 30, 0, 0, 1, 0, 0, 0, 0, 0, 0, 0, 1, -0.213439, -0.213439, 4.05107, -0.24332, -0.294546, -0.217708, -0.247589, -0.286008, -0.247589, -0.307352, 1, 0.05, 0.05, 0.051, 0.057, 0.069, 0.051, 0.058, 0.067, 0.058, 0.072, 30, 0.00780863, 
1, 20, 34, 0, 1, 0, 0, 0, 0, 0, 0, 1, 0, 1, -0.289413, 3.70686, -0.301306, -0.261661, -0.285448, -0.241838, -0.257696, -0.233909, 3.69893, -0.22598, 1, 0.073, 0.065, 0.076, 0.066, 0.072, 0.061, 0.065, 0.059, 0.067, 0.057, 47, 0.0053667, 
2, 20, 36, 0, 0, 0, 0, 0, 0, 1, 0, 0, 0, 1, -0.187303, -0.219878, -0.207662, -0.256524, -0.228021, -0.187303, 3.78678, -0.285027, -0.346104, -0.276883, 1, 0.046, 0.054, 0.051, 0.063, 0.056, 0.046, 0.07, 0.07, 0.085, 0.068, 19, 0.0129258, 
3, 20, 42, 0, 0, 1, 0, 0, 0, 0, 0, 0, 0, 1, -0.221977, -0.251295, 3.97046, -0.226166, -0.23873, -0.297366, -0.242919, -0.230354, -0.259672, -0.26386, 1, 0.053, 0.06, 0.052, 0.054, 0.057, 0.071, 0.058, 0.055, 0.062, 0.063, 23, 0.010381, 
2, 20, 50, 0, 0, 0, 0, 0, 0, 0, 0, 0, 1, 1, -0.199225, -0.181516, -0.252352, -0.28777, -0.23907, -0.212507, -0.225788, -0.234643, -0.234643, 4.16602, 1, 0.045, 0.041, 0.057, 0.065, 0.054, 0.048, 0.051, 0.053, 0.053, 0.059, 50, 0.0045175, 
2, 21, 6, 0, 0, 0, 0, 0, 0, 0, 0, 1, 0, 1, -0.236268, -0.184289, -0.217366, -0.179564, -0.26462, -0.217366, -0.231543, -0.217366, 4.52689, -0.179564, 1, 0.05, 0.039, 0.046, 0.038, 0.056, 0.046, 0.049, 0.046, 0.042, 0.038, 20, 0.0105812, 
3, 21, 11, 1, 0, 0, 0, 0, 0, 0, 0, 0, 0, 1, 5.51731, -0.141615, -0.13595, -0.147279, -0.181267, -0.181267, -0.175602, -0.20959, -0.175602, -0.277565, 1, 0.026, 0.025, 0.024, 0.026, 0.032, 0.032, 0.031, 0.037, 0.031, 0.049, 18, 0.00980752, 
3, 21, 17, 1, 0, 1, 2, 0, 0, 0, 0, 0, 0, 1, 1.78755, -0.463271, 1.81015, 4.07679, -0.436153, -0.399995, -0.467791, -0.488129, -0.420334, -0.442932, 1, 0.209, 0.205, 0.199, 0.196, 0.193, 0.177, 0.207, 0.216, 0.186, 0.196, 36, 0.0122918, 
3, 21, 20, 0, 1, 0, 0, 0, 0, 0, 0, 0, 0, 1, -0.132929, 4.20498, -0.234841, -0.208255, -0.234841, -0.288013, -0.261427, -0.23041, -0.208255, -0.23041, 1, 0.03, 0.051, 0.053, 0.047, 0.053, 0.065, 0.059, 0.052, 0.047, 0.052, 22, 0.0102584, 
1, 21, 21, 3, 0, 0, 1, 1, 1, 0, 0, 3, 0, 1, 3.40833, -0.772331, -0.731755, 0.653403, 0.650605, 0.667394, -0.716365, -0.668794, 3.50487, -0.689781, 1, 0.564, 0.552, 0.523, 0.533, 0.535, 0.523, 0.512, 0.478, 0.495, 0.493, 37, 0.0193168, 
2, 21, 47, 0, 0, 0, 0, 0, 0, 0, 1, 0, 0, 1, -0.205809, -0.178729, -0.216641, -0.211225, -0.184145, -0.178729, -0.140817, 5.2373, -0.194977, -0.194977, 1, 0.038, 0.033, 0.04, 0.039, 0.034, 0.033, 0.026, 0.033, 0.036, 0.036, 35, 0.00527535, 
3, 21, 50, 0, 0, 1, 0, 0, 0, 0, 0, 0, 0, 1, -0.203147, -0.241842, 4.61435, -0.193474, -0.227332, -0.198311, -0.227332, -0.178963, -0.246679, -0.188637, 1, 0.042, 0.05, 0.046, 0.04, 0.047, 0.041, 0.047, 0.037, 0.051, 0.039, 23, 0.00898897, 
2, 22, 4, 0, 0, 0, 0, 0, 1, 0, 0, 0, 0, 1, -0.107356, -0.0947262, -0.138932, -0.164192, -0.107356, 6.16352, -0.227343, -0.189452, -0.227343, -0.265233, 1, 0.017, 0.015, 0.022, 0.026, 0.017, 0.024, 0.036, 0.03, 0.036, 0.042, 4, 0.0395878, 
3, 22, 17, 0, 2, 0, 0, 0, 0, 0, 0, 0, 0, 1, -0.304611, 6.88421, -0.394202, -0.258023, -0.322529, -0.258023, -0.25444, -0.279525, -0.250856, -0.272358, 1, 0.085, 0.079, 0.11, 0.072, 0.09, 0.072, 0.071, 0.078, 0.07, 0.076, 15, 0.018603, 
3, 22, 46, 1, 0, 0, 0, 0, 0, 0, 0, 0, 0, 1, 10.9285, -0.165583, -0.176622, -0.154544, -0.0662332, -0.121428, -0.0441555, -0.0441555, -0.0441555, -0.0551944, 1, 0.01, 0.015, 0.016, 0.014, 0.006, 0.011, 0.004, 0.004, 0.004, 0.005, 5, 0.0181178, 
3, 23, 5, 0, 0, 0, 1, 0, 0, 0, 0, 0, 0, 1, -0.0383852, -0.0639754, -0.127951, 12.7567, -0.0767705, -0.0639754, -0.0767705, -0.0895656, -0.102361, -0.140746, 1, 0.003, 0.005, 0.01, 0.003, 0.006, 0.005, 0.006, 0.007, 0.008, 0.011, 2, 0.0390775, 
3, 23, 12, 0, 1, 0, 0, 0, 0, 0, 0, 0, 0, 1, -0.135436, 6.02689, -0.153904, -0.123123, -0.178529, -0.116967, -0.233934, -0.221622, -0.172373, -0.215466, 1, 0.022, 0.021, 0.025, 0.02, 0.029, 0.019, 0.038, 0.036, 0.028, 0.035, 4, 0.0406097, 
2, 23, 44, 0, 0, 0, 0, 0, 0, 0, 0, 0, 1, 1, -0.061739, -0.0154348, -0.0463043, -0.0154348, -0.0771738, -0.0154348, -0.108043, -0.0926085, -0.169782, 15.2804, 1, 0.004, 0.001, 0.003, 0.001, 0.005, 0.001, 0.007, 0.006, 0.011, 0.01, 1, 0.0647888, 
3, 24, 5, 0, 1, 0, 0, 0, 0, 0, 0, 0, 0, 1, -0.184973, 4.24085, -0.270693, -0.207531, -0.203019, -0.239112, -0.2346, -0.203019, -0.216554, -0.225577, 1, 0.041, 0.06, 0.06, 0.046, 0.045, 0.053, 0.052, 0.045, 0.048, 0.05, 27, 0.0082094, 
2, 24, 9, 0, 0, 0, 0, 0, 0, 0, 1, 0, 1, 1, -0.180976, -0.286914, -0.242773, -0.286914, -0.233945, -0.225117, -0.238359, 4.18894, -0.251601, 4.25074, 1, 0.041, 0.065, 0.055, 0.065, 0.053, 0.051, 0.054, 0.051, 0.057, 0.037, 20, 0.0113275, 
3, 24, 20, 0, 0, 0, 0, 1, 0, 0, 0, 0, 0, 1, -0.176169, -0.216824, -0.221341, -0.257478, 4.28679, -0.230375, -0.243927, -0.248444, -0.248444, -0.266513, 1, 0.039, 0.048, 0.049, 0.057, 0.051, 0.051, 0.054, 0.055, 0.055, 0.059, 21, 0.0105418, 
1, 24, 25, 0, 0, 0, 0, 1, 0, 0, 1, 0, 1, 1, -0.268581, -0.279929, -0.325323, -0.268581, 3.46885, -0.242101, -0.238318, 3.53694, -0.242101, 3.54451, 1, 0.071, 0.074, 0.086, 0.071, 0.083, 0.064, 0.063, 0.065, 0.064, 0.063, 30, 0.00881176, 
2, 24, 31, 0, 0, 0, 0, 0, 0, 0, 0, 0, 1, 1, -0.204612, -0.213913, -0.199962, -0.204612, -0.176711, -0.292968, -0.251115, -0.227864, -0.181361, 4.40382, 1, 0.044, 0.046, 0.043, 0.044, 0.038, 0.063, 0.054, 0.049, 0.039, 0.053, 15, 0.014336, 
2, 24, 32, 0, 0, 0, 0, 0, 0, 0, 0, 1, 0, 1, -0.195078, -0.240096, -0.240096, -0.22509, -0.303872, -0.236345, -0.326381, -0.326381, 3.44763, -0.352642, 1, 0.052, 0.064, 0.064, 0.06, 0.081, 0.063, 0.087, 0.087, 0.081, 0.094, 30, 0.00888532, 
3, 24, 33, 0, 0, 0, 0, 1, 0, 0, 0, 0, 0, 1, -0.15609, -0.178389, -0.178389, -0.167239, 5.43528, -0.206262, -0.222986, -0.189538, -0.250859, -0.178389, 1, 0.028, 0.032, 0.032, 0.03, 0.025, 0.037, 0.04, 0.034, 0.045, 0.032, 24, 0.00747432, 
2, 24, 37, 4, 0, 5, 2, 2, 2, 3, 4, 2, 6, 1, 1.77154, -1.41517, 2.60465, 0.216988, 0.212236, 0.182143, 0.993076, 1.76916, 0.203525, 3.41004, 1, 1.763, 1.787, 1.711, 1.726, 1.732, 1.77, 1.746, 1.766, 1.743, 1.694, 49, 0.0257703, 
3, 24, 38, 1, 0, 0, 0, 0, 0, 0, 0, 0, 0, 1, 3.37523, -0.207376, -0.289612, -0.271734, -0.278885, -0.253857, -0.300338, -0.336093, -0.371847, -0.350394, 1, 0.056, 0.058, 0.081, 0.076, 0.078, 0.071, 0.084, 0.094, 0.104, 0.098, 39, 0.00717141, 
3, 24, 41, 0, 1, 0, 0, 0, 0, 0, 0, 0, 0, 1, -0.145396, 5.9249, -0.163571, -0.187803, -0.139338, -0.212036, -0.121164, -0.187803, -0.19992, -0.193862, 1, 0.024, 0.022, 0.027, 0.031, 0.023, 0.035, 0.02, 0.031, 0.033, 0.032, 29, 0.00569194, 
2, 24, 44, 0, 0, 0, 0, 0, 0, 0, 1, 0, 0, 1, -0.153277, -0.153277, -0.167875, -0.131381, -0.109484, -0.124082, -0.189772, 7.15294, -0.094886, -0.13868, 1, 0.021, 0.021, 0.023, 0.018, 0.015, 0.017, 0.026, 0.02, 0.013, 0.019, 6, 0.0228344, 
1, 24, 45, 0, 1, 0, 0, 0, 0, 0, 0, 1, 0, 1, -0.156444, 5.08442, -0.151229, -0.213806, -0.198162, -0.203377, -0.208591, -0.234665, 4.95926, -0.229451, 1, 0.03, 0.025, 0.029, 0.041, 0.038, 0.039, 0.04, 0.045, 0.049, 0.044, 29, 0.0066125, 
3, 25, 2, 0, 0, 1, 0, 0, 0, 0, 0, 0, 0, 1, -0.185086, -0.127646, 6.20997, -0.191469, -0.204233, -0.153175, -0.197851, -0.121264, -0.127646, -0.14041, 1, 0.029, 0.02, 0.027, 0.03, 0.032, 0.024, 0.031, 0.019, 0.02, 0.022, 2, 0.0783418, 
2, 25, 5, 0, 0, 0, 0, 0, 0, 0, 0, 0, 1, 1, -0.0839592, -0.069966, -0.0979524, -0.0559728, -0.069966, -0.0839592, -0.0419796, -0.0559728, -0.0839592, 13.9092, 1, 0.006, 0.005, 0.007, 0.004, 0.005, 0.006, 0.003, 0.004, 0.006, 0.006, 1, 0.0714633, 
2, 25, 16, 0, 0, 0, 0, 0, 1, 0, 0, 0, 0, 1, -0.317155, -0.264296, -0.354912, -0.279399, -0.249193, 3.48115, -0.26052, -0.226539, -0.230315, -0.230315, 1, 0.084, 0.07, 0.094, 0.074, 0.066, 0.078, 0.069, 0.06, 0.061, 0.061, 2, 0.132427, 
2, 25, 17, 0, 0, 0, 0, 0, 1, 0, 0, 0, 0, 1, -0.14685, -0.130533, -0.14685, -0.114217, -0.155008, 8.07675, -0.0979, -0.155008, -0.106058, -0.122375, 1, 0.018, 0.016, 0.018, 0.014, 0.019, 0.01, 0.012, 0.019, 0.013, 0.015, 2, 0.061287, 
3, 25, 21, 1, 0, 0, 0, 0, 0, 0, 0, 0, 0, 1, 4.05842, -0.251784, -0.281657, -0.209109, -0.268854, -0.213377, -0.268854, -0.264587, -0.29446, -0.234714, 1, 0.049, 0.059, 0.066, 0.049, 0.063, 0.05, 0.063, 0.062, 0.069, 0.055, 2, 0.117164, 
3, 26, 9, 0, 0, 0, 1, 0, 0, 0, 0, 0, 0, 1, -0.210444, -0.154326, -0.196415, 4.50351, -0.215121, -0.252533, -0.24318, -0.24318, -0.22915, -0.24318, 1, 0.045, 0.033, 0.042, 0.037, 0.046, 0.054, 0.052, 0.052, 0.049, 0.052, 8, 0.0267292, 
2, 26, 12, 0, 1, 0, 0, 0, 2, 0, 0, 0, 0, 1, -0.364257, 2.1082, -0.404175, -0.379226, -0.41166, 4.58564, -0.40667, -0.40168, -0.493992, -0.501476, 1, 0.146, 0.155, 0.162, 0.152, 0.165, 0.162, 0.163, 0.161, 0.198, 0.201, 11, 0.0364379, 
2, 26, 20, 0, 0, 0, 0, 0, 0, 1, 0, 0, 0, 1, -0.278158, -0.274184, -0.246369, -0.190737, -0.309948, -0.278158, 3.71937, -0.242395, -0.230474, -0.266237, 1, 0.07, 0.069, 0.062, 0.048, 0.078, 0.07, 0.064, 0.061, 0.058, 0.067, 6, 0.0419426, 
3, 26, 21, 0, 2, 0, 0, 0, 0, 0, 0, 0, 0, 1, -0.340493, 5.28468, -0.391145, -0.323609, -0.312354, -0.343307, -0.340493, -0.357377, -0.382703, -0.399587, 1, 0.121, 0.122, 0.139, 0.115, 0.111, 0.122, 0.121, 0.127, 0.136, 0.142, 11, 0.0323061, 
3, 26, 24, 0, 0, 1, 0, 0, 0, 0, 0, 0, 0, 1, -0.274707, -0.262763, 3.71452, -0.222951, -0.242857, -0.262763, -0.258782, -0.258782, -0.266745, -0.258782, 1, 0.069, 0.066, 0.067, 0.056, 0.061, 0.066, 0.065, 0.065, 0.067, 0.065, 6, 0.0418628, 
3, 26, 25, 0, 0, 0, 0, 1, 0, 0, 0, 0, 0, 1, -0.0837265, -0.0279088, -0.0976809, -0.0558177, 13.8846, -0.0418632, -0.12559, -0.12559, -0.111635, -0.0279088, 1, 0.006, 0.002, 0.007, 0.004, 0.005, 0.003, 0.009, 0.009, 0.008, 0.002, 8, 0.00895774, 
2, 26, 28, 0, 0, 0, 0, 0, 0, 1, 0, 0, 0, 1, -0.107718, -0.12429, -0.12429, -0.0911462, -0.140862, -0.12429, 8.17001, -0.0911462, -0.149148, -0.16572, 1, 0.013, 0.015, 0.015, 0.011, 0.017, 0.015, 0.014, 0.011, 0.018, 0.02, 9, 0.0134095, 
2, 26, 33, 0, 0, 0, 0, 0, 0, 0, 0, 1, 0, 1, -0.112228, -0.104746, -0.0897821, -0.119709, -0.142155, -0.149637, -0.157119, -0.231937, 7.35465, -0.149637, 1, 0.015, 0.014, 0.012, 0.016, 0.019, 0.02, 0.021, 0.031, 0.017, 0.02, 7, 0.0190938, 
3, 26, 38, 0, 0, 0, 1, 0, 0, 0, 0, 0, 0, 1, -0.166401, -0.172344, -0.148572, 5.79432, -0.213944, -0.142629, -0.124801, -0.231773, -0.196115, -0.190173, 1, 0.028, 0.029, 0.025, 0.025, 0.036, 0.024, 0.021, 0.039, 0.033, 0.032, 10, 0.0168268, 
3, 26, 41, 0, 0, 0, 0, 1, 0, 0, 0, 0, 0, 1, -0.238649, -0.195258, -0.216954, -0.184411, 5.21774, -0.195258, -0.222378, -0.157292, -0.162715, -0.124748, 1, 0.044, 0.036, 0.04, 0.034, 0.038, 0.036, 0.041, 0.029, 0.03, 0.023, 10, 0.0184371, 
3, 27, 2, 1, 0, 0, 0, 0, 0, 0, 0, 0, 0, 1, 3.71367, -0.308804, -0.27672, -0.27271, -0.208543, -0.292762, -0.252658, -0.220574, -0.240626, -0.236616, 1, 0.074, 0.077, 0.069, 0.068, 0.052, 0.073, 0.063, 0.055, 0.06, 0.059, 19, 0.0131236, 
3, 27, 10, 0, 0, 0, 0, 1, 0, 0, 0, 0, 0, 1, -0.141939, -0.156879, -0.126998, -0.104586, 7.3808, -0.141939, -0.126998, -0.149409, -0.17182, -0.16435, 1, 0.019, 0.021, 0.017, 0.014, 0.012, 0.019, 0.017, 0.02, 0.023, 0.022, 12, 0.0111551, 
3, 27, 19, 0, 1, 0, 0, 0, 0, 0, 0, 0, 0, 1, -0.309613, 3.55864, -0.32108, -0.290501, -0.263745, -0.313436, -0.2561, -0.229343, -0.263745, -0.233166, 1, 0.081, 0.069, 0.084, 0.076, 0.069, 0.082, 0.067, 0.06, 0.069, 0.061, 18, 0.0145343, 
2, 27, 27, 0, 0, 0, 0, 0, 0, 0, 1, 0, 0, 1, -0.233747, -0.203447, -0.22509, -0.238076, -0.229419, -0.233747, -0.272705, 4.07759, -0.268377, -0.298677, 1, 0.054, 0.047, 0.052, 0.055, 0.053, 0.054, 0.063, 0.058, 0.062, 0.069, 15, 0.0154012, 
3, 27, 37, 3, 0, 0, 0, 1, 1, 2, 0, 1, 1, 1, 4.58008, -0.568824, -0.60004, -0.56709, 1.12551, 1.18274, 2.90655, -0.572293, 1.19314, 1.14459, 1, 0.359, 0.328, 0.346, 0.327, 0.351, 0.318, 0.324, 0.33, 0.312, 0.34, 19, 0.0303488, 
1, 27, 38, 1, 0, 1, 0, 0, 0, 0, 0, 0, 1, 1, 3.34465, -0.357581, 3.26518, -0.270895, -0.314238, -0.278118, -0.346745, -0.263671, -0.285342, 3.37715, 1, 0.074, 0.099, 0.096, 0.075, 0.087, 0.077, 0.096, 0.073, 0.079, 0.065, 19, 0.0145716, 
2, 28, 11, 0, 0, 0, 0, 0, 0, 0, 0, 0, 1, 1, -0.221757, -0.23622, -0.260324, -0.192832, -0.188012, -0.168728, -0.231399, -0.23622, -0.216936, 4.64244, 1, 0.046, 0.049, 0.054, 0.04, 0.039, 0.035, 0.048, 0.049, 0.045, 0.037, 12, 0.0172862, 
3, 28, 24, 1, 0, 0, 0, 0, 0, 0, 0, 0, 0, 1, 5.2597, -0.180239, -0.180239, -0.158392, -0.196624, -0.185701, -0.185701, -0.169315, -0.191163, -0.202086, 1, 0.037, 0.033, 0.033, 0.029, 0.036, 0.034, 0.034, 0.031, 0.035, 0.037, 46, 0.00398022, 
3, 28, 25, 1, 0, 0, 0, 0, 0, 0, 0, 0, 0, 1, 6.0115, -0.129213, -0.135366, -0.166131, -0.159978, -0.18459, -0.190743, -0.166131, -0.196897, -0.209203, 1, 0.023, 0.021, 0.022, 0.027, 0.026, 0.03, 0.031, 0.027, 0.032, 0.034, 41, 0.00396395, 
2, 28, 33, 0, 0, 0, 0, 0, 0, 0, 0, 0, 1, 1, -0.192715, -0.208774, -0.230187, -0.171302, -0.112417, -0.165949, -0.149889, -0.208774, -0.208774, 5.10694, 1, 0.036, 0.039, 0.043, 0.032, 0.021, 0.031, 0.028, 0.039, 0.039, 0.046, 52, 0.0035924, 
3, 28, 34, 0, 0, 0, 0, 1, 0, 0, 0, 0, 0, 1, -0.185989, -0.236714, -0.173308, -0.207124, 3.98186, -0.300119, -0.295892, -0.253622, -0.22826, -0.262076, 1, 0.044, 0.056, 0.041, 0.049, 0.058, 0.071, 0.07, 0.06, 0.054, 0.062, 38, 0.0062256, 
3, 28, 40, 1, 0, 0, 0, 0, 0, 0, 0, 0, 0, 1, 6.69208, -0.190425, -0.156421, -0.142819, -0.14962, -0.170022, -0.136018, -0.163221, -0.14962, -0.142819, 1, 0.016, 0.028, 0.023, 0.021, 0.022, 0.025, 0.02, 0.024, 0.022, 0.021, 45, 0.00326755, 
1, 28, 42, 0, 1, 0, 0, 0, 1, 0, 0, 0, 0, 1, -0.19834, 4.43266, -0.21679, -0.221402, -0.27214, 4.42805, -0.202952, -0.267528, -0.202952, -0.262915, 1, 0.043, 0.039, 0.047, 0.048, 0.059, 0.04, 0.044, 0.058, 0.044, 0.057, 21, 0.0103238, 
2, 28, 49, 2, 0, 0, 2, 1, 5, 2, 1, 1, 1, 1, 0.879098, -1.04028, -1.07291, 0.881076, -0.0889975, 3.90699, 0.876131, -0.092953, -0.0978973, 0.00197772, 1, 1.111, 1.052, 1.085, 1.109, 1.09, 1.049, 1.114, 1.094, 1.099, 0.998, 85, 0.0118972, 
2, 29, 17, 0, 0, 0, 0, 0, 0, 1, 0, 0, 0, 1, -0.306832, -0.269641, -0.223151, -0.172012, -0.246396, -0.223151, 4.35144, -0.167363, -0.199906, -0.148767, 1, 0.066, 0.058, 0.048, 0.037, 0.053, 0.048, 0.064, 0.036, 0.043, 0.032, 6, 0.0358502, 
3, 29, 21, 0, 1, 0, 0, 0, 0, 0, 0, 0, 0, 1, -0.321369, 4.23664, -0.298737, -0.190105, -0.235369, -0.217263, -0.194632, -0.235369, -0.185579, -0.162948, 1, 0.071, 0.064, 0.066, 0.042, 0.052, 0.048, 0.043, 0.052, 0.041, 0.036, 6, 0.0368217, 
1, 29, 49, 1, 0, 1, 0, 0, 0, 0, 2, 0, 1, 1, 4.11156, -0.217295, 4.07748, -0.217295, -0.268423, -0.217295, -0.25138, 8.22312, -0.391983, 3.91557, 1, 0.035, 0.051, 0.043, 0.051, 0.063, 0.051, 0.059, 0.07, 0.092, 0.081, 6, 0.0391173, 
2, 29, 50, 0, 0, 0, 0, 0, 0, 1, 0, 0, 0, 1, -0.126349, -0.141213, -0.111484, -0.133781, -0.185807, -0.118916, 7.2985, -0.193239, -0.111484, -0.126349, 1, 0.017, 0.019, 0.015, 0.018, 0.025, 0.016, 0.018, 0.026, 0.015, 0.017, 5, 0.0269096, 
3, 30, 9, 0, 0, 0, 0, 1, 0, 0, 0, 0, 0, 1, -0.280338, -0.206287, -0.253891, -0.26447, 5.05666, -0.132235, -0.142814, -0.216865, -0.126946, -0.132235, 1, 0.053, 0.039, 0.048, 0.05, 0.044, 0.025, 0.027, 0.041, 0.024, 0.025, 49, 0.00385831, 
2, 30, 10, 0, 0, 0, 0, 0, 0, 0, 0, 1, 0, 1, -0.171016, -0.158801, -0.201555, -0.152693, -0.140477, -0.158801, -0.195447, -0.164908, 5.89395, -0.13437, 1, 0.028, 0.026, 0.033, 0.025, 0.023, 0.026, 0.032, 0.027, 0.035, 0.022, 20, 0.00818637, 
2, 30, 15, 0, 0, 1, 0, 0, 0, 0, 3, 0, 0, 1, -0.600034, -0.621675, 1.41057, -0.511505, -0.550851, -0.584296, -0.495766, 5.36686, -0.472158, -0.515439, 1, 0.305, 0.316, 0.283, 0.26, 0.28, 0.297, 0.252, 0.272, 0.24, 0.262, 61, 0.00833286, 
2, 30, 30, 0, 0, 0, 0, 0, 0, 0, 1, 0, 0, 1, -0.115901, -0.108175, -0.131355, -0.169989, -0.108175, -0.115901, -0.193169, 7.61858, -0.139082, -0.139082, 1, 0.015, 0.014, 0.017, 0.022, 0.014, 0.015, 0.025, 0.014, 0.018, 0.018, 14, 0.00924432, 
3, 30, 34, 0, 0, 1, 0, 0, 0, 0, 0, 0, 0, 1, -0.186971, -0.195281, 3.93885, -0.245139, -0.278379, -0.253449, -0.245139, -0.353167, -0.257604, -0.240984, 1, 0.045, 0.047, 0.052, 0.059, 0.067, 0.061, 0.059, 0.085, 0.062, 0.058, 23, 0.0104643, 
3, 30, 38, 2, 0, 0, 0, 0, 0, 0, 0, 0, 0, 1, 4.09863, -0.425627, -0.418871, -0.463911, -0.495439, -0.493187, -0.502195, -0.418871, -0.468415, -0.475171, 1, 0.18, 0.189, 0.186, 0.206, 0.22, 0.219, 0.223, 0.186, 0.208, 0.211, 56, 0.00792948, 
1, 30, 40, 0, 1, 0, 0, 0, 0, 0, 1, 0, 0, 1, -0.283501, 4.13291, -0.243633, -0.225915, -0.172758, -0.252493, -0.194907, 4.19935, -0.186047, -0.270212, 1, 0.064, 0.067, 0.055, 0.051, 0.039, 0.057, 0.044, 0.052, 0.042, 0.061, 38, 0.00594076, 
2, 30, 47, 0, 0, 0, 0, 0, 0, 0, 0, 0, 2, 1, -0.458645, -0.373599, -0.40701, -0.370561, -0.328038, -0.258178, -0.282477, -0.318926, -0.318926, 5.78318, 1, 0.151, 0.123, 0.134, 0.122, 0.108, 0.085, 0.093, 0.105, 0.105, 0.096, 45, 0.00731623, 
1, 31, 7, 0, 1, 0, 0, 0, 0, 1, 0, 0, 0, 1, -0.245101, 3.844, -0.273696, -0.261441, -0.236931, -0.236931, 3.82766, -0.273696, -0.253271, -0.191996, 1, 0.06, 0.059, 0.067, 0.064, 0.058, 0.058, 0.063, 0.067, 0.062, 0.047, 51, 0.00479994, 
2, 31, 14, 0, 0, 0, 0, 0, 0, 1, 0, 0, 0, 1, -0.176251, -0.264376, -0.235001, -0.235001, -0.297948, -0.222412, 3.98663, -0.310537, -0.18884, -0.31893, 1, 0.042, 0.063, 0.056, 0.056, 0.071, 0.053, 0.05, 0.074, 0.045, 0.076, 83, 0.00287105, 
2, 31, 15, 5, 4, 3, 1, 2, 3, 7, 1, 6, 1, 1, 1.97619, 1.32707, 0.689501, -0.819324, -0.0851058, 0.685174, 3.57084, -0.802735, 2.84311, -0.717629, 1, 2.26, 2.16, 2.044, 2.136, 2.118, 2.05, 2.049, 2.113, 2.058, 1.995, 482, 0.00287658, 
3, 31, 33, 0, 2, 0, 0, 1, 0, 0, 0, 1, 0, 1, -0.500224, 3.45988, -0.484343, -0.529999, 1.51655, -0.512134, -0.539924, -0.528014, 1.40539, -0.555804, 1, 0.252, 0.257, 0.244, 0.267, 0.236, 0.258, 0.272, 0.266, 0.292, 0.28, 270, 0.00186583, 
2, 31, 40, 1, 0, 0, 0, 1, 3, 0, 0, 0, 2, 1, 0.967222, -0.624872, -0.653124, -0.601606, 1.04533, 4.3525, -0.689686, -0.609915, -0.633182, 2.63244, 1, 0.418, 0.376, 0.393, 0.362, 0.371, 0.381, 0.415, 0.367, 0.381, 0.416, 246, 0.00244603, 
2, 31, 46, 0, 0, 0, 2, 0, 0, 0, 0, 3, 0, 1, -0.671924, -0.652383, -0.711007, 2.34948, -0.676434, -0.698981, -0.74558, -0.668918, 3.77149, -0.786166, 1, 0.447, 0.434, 0.473, 0.437, 0.45, 0.465, 0.496, 0.445, 0.491, 0.523, 297, 0.00223991, 
3, 32, 5, 0, 0, 1, 0, 0, 0, 0, 0, 0, 0, 1, -0.20574, -0.13716, 6.07867, -0.180801, -0.243147, -0.20574, -0.13716, -0.124691, -0.124691, -0.143394, 1, 0.033, 0.022, 0.025, 0.029, 0.039, 0.033, 0.022, 0.02, 0.02, 0.023, 6, 0.0267328, 
2, 32, 32, 0, 0, 0, 0, 0, 0, 1, 0, 0, 0, 1, -0.130732, -0.137995, -0.130732, -0.130732, -0.130732, -0.174309, 7.18298, -0.217886, -0.15252, -0.137995, 1, 0.018, 0.019, 0.018, 0.018, 0.018, 0.024, 0.011, 0.03, 0.021, 0.019, 7, 0.0196695, 
3, 32, 41, 0, 0, 0, 0, 1, 0, 0, 0, 0, 0, 1, -0.167801, -0.162557, -0.178288, -0.225482, 5.055, -0.183532, -0.146826, -0.272676, -0.23597, -0.19402, 1, 0.032, 0.031, 0.034, 0.043, 0.036, 0.035, 0.028, 0.052, 0.045, 0.037, 6, 0.0317837, 
2, 32, 47, 0, 0, 0, 0, 0, 0, 0, 0, 1, 0, 1, -0.110912, -0.0950676, -0.110912, -0.142601, -0.174291, -0.158446, -0.110912, -0.166368, 7.7797, -0.0871453, 1, 0.014, 0.012, 0.014, 0.018, 0.022, 0.02, 0.014, 0.021, 0.018, 0.011, 7, 0.0180323, 
2, 33, 2, 0, 0, 1, 0, 1, 1, 0, 0, 0, 3, 1, -0.56462, -0.547406, 1.15162, -0.588719, 1.08965, 1.17916, -0.604212, -0.628311, -0.569784, 4.53245, 1, 0.328, 0.318, 0.331, 0.342, 0.367, 0.315, 0.351, 0.365, 0.331, 0.367, 79, 0.00735344, 
2, 33, 13, 0, 0, 0, 0, 0, 1, 0, 0, 0, 0, 1, -0.244823, -0.236079, -0.279798, -0.201104, -0.253567, 4.12701, -0.187989, -0.205476, -0.196733, -0.192361, 1, 0.056, 0.054, 0.064, 0.046, 0.058, 0.056, 0.043, 0.047, 0.045, 0.044, 47, 0.00486674, 
2, 33, 25, 0, 0, 0, 0, 0, 1, 0, 0, 0, 0, 1, -0.283137, -0.303076, -0.243258, -0.303076, -0.243258, 3.69673, -0.219331, -0.199392, -0.227307, -0.235283, 1, 0.071, 0.076, 0.061, 0.076, 0.061, 0.073, 0.055, 0.05, 0.057, 0.059, 58, 0.00432348, 
3, 33, 35, 0, 0, 1, 0, 0, 0, 0, 0, 0, 0, 1, -0.203399, -0.190946, 3.9393, -0.24906, -0.244909, -0.286419, -0.257362, -0.236607, -0.303023, -0.340382, 1, 0.049, 0.046, 0.051, 0.06, 0.059, 0.069, 0.062, 0.057, 0.073, 0.082, 16, 0.0150566, 
2, 33, 42, 0, 0, 0, 0, 0, 1, 0, 0, 0, 0, 1, -0.203962, -0.178467, -0.169968, -0.237955, -0.280448, 4.06224, -0.280448, -0.2677, -0.288946, -0.254952, 1, 0.048, 0.042, 0.04, 0.056, 0.066, 0.044, 0.066, 0.063, 0.068, 0.06, 25, 0.00941352, 
3, 34, 13, 0, 1, 2, 0, 0, 0, 1, 0, 0, 0, 1, -0.47968, 1.64134, 3.73317, -0.458825, -0.477595, -0.454654, 1.65594, -0.458825, -0.44214, -0.473424, 1, 0.23, 0.213, 0.21, 0.22, 0.229, 0.218, 0.206, 0.22, 0.212, 0.227, 82, 0.00584739, 
2, 34, 14, 0, 0, 0, 0, 0, 0, 1, 0, 0, 0, 1, -0.219292, -0.204672, -0.182743, -0.153504, -0.109646, -0.116956, 7.1343, -0.0511681, -0.0730973, -0.153504, 1, 0.03, 0.028, 0.025, 0.021, 0.015, 0.016, 0.024, 0.007, 0.01, 0.021, 20, 0.0068402, 
2, 34, 18, 1, 0, 1, 1, 1, 0, 0, 0, 3, 3, 1, 0.574006, -0.779581, 0.565997, 0.563327, 0.540634, -0.775576, -0.735529, -0.758222, 3.2091, 3.26783, 1, 0.57, 0.584, 0.576, 0.578, 0.595, 0.581, 0.551, 0.568, 0.596, 0.552, 146, 0.00513096, 
3, 34, 29, 0, 0, 0, 0, 2, 0, 0, 0, 1, 0, 1, -0.346325, -0.275886, -0.322845, -0.33165, 5.49718, -0.275886, -0.361, -0.296431, 2.5945, -0.261211, 1, 0.118, 0.094, 0.11, 0.113, 0.127, 0.094, 0.123, 0.101, 0.116, 0.089, 63, 0.00540826, 
3, 34, 44, 1, 0, 0, 0, 0, 0, 0, 0, 0, 0, 1, 4.02752, -0.298175, -0.267925, -0.276568, -0.216068, -0.250639, -0.233354, -0.207426, -0.142605, -0.172855, 1, 0.068, 0.069, 0.062, 0.064, 0.05, 0.058, 0.054, 0.048, 0.033, 0.04, 41, 0.0056441, 
2, 34, 45, 0, 0, 1, 1, 0, 0, 0, 1, 2, 0, 1, -0.578651, -0.492162, 1.53621, 1.58357, -0.531288, -0.52717, -0.494222, 1.56709, 3.72314, -0.510696, 1, 0.281, 0.239, 0.254, 0.231, 0.258, 0.256, 0.24, 0.239, 0.192, 0.248, 85, 0.00571308, 
2, 34, 46, 0, 0, 0, 0, 0, 2, 0, 1, 0, 0, 1, -0.469743, -0.507423, -0.391871, -0.381823, -0.409455, 4.62207, -0.326559, 2.1352, -0.381823, -0.389359, 1, 0.187, 0.202, 0.156, 0.152, 0.163, 0.16, 0.13, 0.15, 0.152, 0.155, 86, 0.00462895, 
2, 34, 48, 0, 0, 0, 1, 1, 0, 1, 0, 2, 1, 1, -0.535352, -0.49941, -0.575078, 1.38851, 1.39797, -0.609129, 1.35068, -0.546702, 3.3067, 1.38473, 1, 0.283, 0.264, 0.304, 0.266, 0.261, 0.322, 0.286, 0.289, 0.252, 0.268, 124, 0.0042631, 
2, 35, 2, 0, 1, 0, 0, 0, 1, 0, 4, 0, 0, 1, -0.582438, 1.24678, -0.529654, -0.566057, -0.604279, 1.19764, -0.566057, 6.7217, -0.558776, -0.584258, 1, 0.32, 0.315, 0.291, 0.311, 0.332, 0.342, 0.311, 0.307, 0.307, 0.321, 111, 0.00494968, 
2, 35, 13, 0, 0, 0, 0, 0, 0, 0, 0, 0, 1, 1, -0.136187, -0.249675, -0.198605, -0.119163, -0.198605, -0.175908, -0.164559, -0.215629, -0.181582, 5.48718, 1, 0.024, 0.044, 0.035, 0.021, 0.035, 0.031, 0.029, 0.038, 0.032, 0.033, 49, 0.00359651, 
3, 35, 14, 0, 0, 0, 0, 1, 0, 0, 0, 0, 0, 1, -0.13752, -0.1719, -0.165024, -0.130644, 6.7591, -0.20628, -0.110016, -0.10314, -0.178776, -0.1719, 1, 0.02, 0.025, 0.024, 0.019, 0.017, 0.03, 0.016, 0.015, 0.026, 0.025, 18, 0.00807965, 
3, 35, 20, 0, 1, 0, 0, 0, 0, 0, 0, 0, 0, 1, -0.301098, 3.96446, -0.200732, -0.225824, -0.259279, -0.255097, -0.263461, -0.230006, -0.246733, -0.242551, 1, 0.072, 0.052, 0.048, 0.054, 0.062, 0.061, 0.063, 0.055, 0.059, 0.058, 69, 0.00346557, 
2, 35, 22, 0, 0, 1, 0, 0, 0, 1, 0, 0, 0, 1, -0.260732, -0.371978, 3.1566, -0.344167, -0.309402, -0.264209, 3.24351, -0.302449, -0.267685, -0.257256, 1, 0.075, 0.107, 0.092, 0.099, 0.089, 0.076, 0.067, 0.087, 0.077, 0.074, 58, 0.00495951, 
2, 35, 30, 0, 0, 0, 0, 0, 0, 1, 0, 0, 0, 1, -0.266106, -0.233299, -0.226008, -0.189555, -0.295269, -0.24788, 3.45574, -0.229654, -0.164038, -0.196846, 1, 0.073, 0.064, 0.062, 0.052, 0.081, 0.068, 0.052, 0.063, 0.045, 0.054, 41, 0.00669089, 
2, 35, 31, 0, 0, 0, 0, 0, 1, 0, 1, 0, 0, 1, -0.285769, -0.304087, -0.289433, -0.304087, -0.282105, 3.4219, -0.245468, 3.38526, -0.278442, -0.234477, 1, 0.078, 0.083, 0.079, 0.083, 0.077, 0.066, 0.067, 0.076, 0.076, 0.064, 28, 0.00974814, 
2, 35, 50, 0, 0, 0, 0, 0, 0, 0, 0, 0, 1, 1, -0.090754, -0.166382, -0.136131, -0.121005, -0.121005, -0.121005, -0.136131, -0.151257, -0.166382, 7.44939, 1, 0.012, 0.022, 0.018, 0.016, 0.016, 0.016, 0.018, 0.02, 0.022, 0.015, 19, 0.00695924, 
2, 36, 5, 0, 0, 0, 0, 0, 0, 0, 1, 0, 0, 1, -0.150374, -0.116958, -0.211638, -0.155943, -0.211638, -0.172652, -0.178221, 5.34106, -0.233915, -0.217207, 1, 0.027, 0.021, 0.038, 0.028, 0.038, 0.031, 0.032, 0.041, 0.042, 0.039, 7, 0.0256503, 
2, 36, 38, 0, 0, 0, 0, 0, 0, 0, 0, 1, 0, 1, -0.0951286, -0.158548, -0.158548, -0.179687, -0.163833, -0.179687, -0.195542, -0.227252, 4.9784, -0.264246, 1, 0.018, 0.03, 0.03, 0.034, 0.031, 0.034, 0.037, 0.043, 0.058, 0.05, 8, 0.0236522, 
2, 37, 22, 0, 0, 0, 1, 0, 0, 0, 1, 0, 3, 1, -0.66337, -0.727471, -0.721508, 0.855673, -0.673805, -0.737906, -0.654426, 0.802007, -0.685731, 3.8073, 1, 0.445, 0.488, 0.484, 0.426, 0.452, 0.495, 0.439, 0.462, 0.46, 0.446, 267, 0.00251242, 
2, 37, 30, 0, 1, 0, 0, 0, 0, 2, 0, 0, 0, 1, -0.469447, 1.85623, -0.455076, -0.43831, -0.380827, -0.457471, 4.39268, -0.411963, -0.411963, -0.392802, 1, 0.196, 0.225, 0.19, 0.183, 0.159, 0.191, 0.166, 0.172, 0.172, 0.164, 156, 0.00267636, 
3, 37, 40, 0, 0, 0, 2, 1, 0, 0, 0, 0, 0, 1, -0.46231, -0.519621, -0.424102, 3.34888, 1.44424, -0.483324, -0.473772, -0.586484, -0.571201, -0.534904, 1, 0.242, 0.272, 0.222, 0.247, 0.244, 0.253, 0.248, 0.307, 0.299, 0.28, 250, 0.00209383, 
2, 37, 44, 0, 1, 0, 0, 0, 1, 0, 0, 0, 2, 1, -0.457027, 1.9376, -0.473689, -0.461787, -0.426082, 1.95903, -0.454646, -0.40942, -0.426082, 4.29653, 1, 0.192, 0.186, 0.199, 0.194, 0.179, 0.177, 0.191, 0.172, 0.179, 0.195, 166, 0.00253076, 
2, 38, 4, 0, 0, 0, 0, 0, 0, 0, 0, 0, 1, 1, -0.183282, -0.135983, -0.177369, -0.218756, -0.242405, -0.183282, -0.118246, -0.201019, -0.159632, 5.77042, 1, 0.031, 0.023, 0.03, 0.037, 0.041, 0.031, 0.02, 0.034, 0.027, 0.024, 21, 0.00805421, 
2, 38, 12, 1, 3, 2, 2, 2, 1, 5, 1, 1, 0, 1, -0.163895, 1.75169, 0.770211, 0.747475, 0.866843, -0.175263, 3.63316, -0.121263, -0.164842, -1.098, 1, 1.173, 1.151, 1.187, 1.211, 1.085, 1.185, 1.165, 1.128, 1.174, 1.159, 86, 0.0122739, 
3, 38, 13, 2, 0, 0, 0, 0, 0, 1, 0, 0, 0, 1, 3.80065, -0.498622, -0.530722, -0.483641, -0.492201, -0.500762, 1.5729, -0.590642, -0.535002, -0.530722, 1, 0.224, 0.233, 0.248, 0.226, 0.23, 0.234, 0.265, 0.276, 0.25, 0.248, 43, 0.0108672, 
2, 38, 22, 0, 0, 0, 0, 0, 0, 1, 0, 0, 1, 1, -0.22374, -0.213334, -0.23935, -0.182114, -0.176911, -0.182114, 5.05237, -0.202927, -0.228944, 5.04196, 1, 0.043, 0.041, 0.046, 0.035, 0.034, 0.035, 0.029, 0.039, 0.044, 0.031, 32, 0.00600584, 
2, 38, 25, 0, 0, 0, 0, 0, 0, 0, 0, 1, 0, 1, -0.274485, -0.247037, -0.215667, -0.239194, -0.203904, -0.22351, -0.258801, -0.309776, 3.72124, -0.286249, 1, 0.07, 0.063, 0.055, 0.061, 0.052, 0.057, 0.066, 0.079, 0.051, 0.073, 56, 0.00455397, 
3, 38, 26, 0, 0, 0, 0, 1, 0, 0, 0, 0, 0, 1, -0.118023, -0.140504, -0.179845, -0.146124, 5.36726, -0.213566, -0.174225, -0.202326, -0.258528, -0.168605, 1, 0.021, 0.025, 0.032, 0.026, 0.045, 0.038, 0.031, 0.036, 0.046, 0.03, 10, 0.0177931, 
3, 38, 34, 0, 0, 1, 0, 0, 0, 0, 0, 0, 0, 1, -0.190012, -0.14658, 5.23347, -0.184583, -0.222585, -0.152009, -0.233443, -0.206298, -0.190012, -0.184583, 1, 0.035, 0.027, 0.036, 0.034, 0.041, 0.028, 0.043, 0.038, 0.035, 0.034, 44, 0.00418634, 
2, 38, 35, 0, 0, 0, 0, 0, 0, 1, 0, 0, 0, 1, -0.211977, -0.224824, -0.231248, -0.179859, -0.224824, -0.147742, 6.25011, -0.070659, -0.0770825, -0.0899296, 1, 0.033, 0.035, 0.036, 0.028, 0.035, 0.023, 0.027, 0.011, 0.012, 0.014, 14, 0.0111198, 
3, 38, 36, 0, 0, 1, 0, 0, 0, 0, 0, 0, 0, 1, -0.0880135, -0.110017, 7.18777, -0.139355, -0.154024, -0.154024, -0.176027, -0.13202, -0.139355, -0.13202, 1, 0.012, 0.015, 0.02, 0.019, 0.021, 0.021, 0.024, 0.018, 0.019, 0.018, 16, 0.00852142, 
3, 38, 40, 0, 0, 0, 0, 1, 0, 0, 0, 0, 0, 1, -0.275451, -0.271516, -0.271516, -0.271516, 3.7422, -0.275451, -0.232166, -0.251841, -0.330541, -0.251841, 1, 0.07, 0.069, 0.069, 0.069, 0.049, 0.07, 0.059, 0.064, 0.084, 0.064, 48, 0.00529435, 
3, 38, 43, 0, 2, 0, 0, 1, 0, 0, 0, 0, 0, 1, -0.423114, 4.22644, -0.432516, -0.472477, 1.95338, -0.510087, -0.434867, -0.479529, -0.357296, -0.413711, 1, 0.18, 0.202, 0.184, 0.201, 0.169, 0.217, 0.185, 0.204, 0.152, 0.176, 65, 0.00654488, 
2, 38, 44, 0, 0, 0, 0, 0, 0, 1, 0, 0, 0, 1, -0.11517, -0.189207, -0.0822641, -0.148075, -0.148075, -0.139849, 8.11124, -0.106943, -0.0987169, -0.106943, 1, 0.014, 0.023, 0.01, 0.018, 0.018, 0.017, 0.014, 0.013, 0.012, 0.013, 19, 0.00639788, 
2, 38, 50, 0, 0, 0, 0, 0, 1, 0, 0, 0, 0, 1, -0.260948, -0.260948, -0.260948, -0.275445, -0.300815, 3.35246, -0.271821, -0.308064, -0.311688, -0.308064, 1, 0.072, 0.072, 0.072, 0.076, 0.083, 0.075, 0.075, 0.085, 0.086, 0.085, 45, 0.00613149, 
2, 39, 3, 0, 0, 0, 0, 0, 0, 1, 0, 0, 0, 1, -0.0406593, -0.0203297, -0.0813186, -0.0203297, -0.060989, -0.0406593, 20.289, -0.0406593, -0.121978, -0.060989, 1, 0.002, 0.001, 0.004, 0.001, 0.003, 0.002, 0.002, 0.002, 0.006, 0.003, 2, 0.0245946, 
3, 39, 12, 0, 0, 1, 0, 0, 0, 0, 0, 0, 0, 1, -0.134428, -0.0840172, 8.32611, -0.058812, -0.0924189, -0.100821, -0.117624, -0.151231, -0.19324, -0.260453, 1, 0.016, 0.01, 0.009, 0.007, 0.011, 0.012, 0.014, 0.018, 0.023, 0.031, 2, 0.0595116, 
3, 39, 27, 0, 0, 0, 0, 1, 0, 0, 0, 0, 0, 1, -0.216724, -0.264297, -0.158578, -0.211438, 5.06394, -0.185008, -0.137435, -0.237868, -0.174436, -0.174436, 1, 0.041, 0.05, 0.03, 0.04, 0.042, 0.035, 0.026, 0.045, 0.033, 0.033, 1, 0.189181, 
3, 39, 37, 0, 0, 0, 0, 1, 0, 0, 0, 0, 0, 1, -0.227364, -0.145126, -0.169314, -0.217689, 4.56179, -0.198339, -0.203176, -0.217689, -0.251552, -0.251552, 1, 0.047, 0.03, 0.035, 0.045, 0.057, 0.041, 0.042, 0.045, 0.052, 0.052, 2, 0.103358, 
2, 40, 4, 0, 0, 0, 0, 0, 1, 0, 0, 0, 1, 1, -0.171406, -0.266631, -0.238064, -0.166644, -0.233302, 4.57082, -0.295199, -0.233302, -0.180928, 4.5851, 1, 0.036, 0.056, 0.05, 0.035, 0.049, 0.04, 0.062, 0.049, 0.038, 0.037, 25, 0.00840112, 
3, 40, 6, 0, 0, 1, 0, 0, 0, 0, 0, 0, 0, 1, -0.222929, -0.280891, 4.24457, -0.267515, -0.182802, -0.18726, -0.209553, -0.231846, -0.196178, -0.231846, 1, 0.05, 0.063, 0.048, 0.06, 0.041, 0.042, 0.047, 0.052, 0.044, 0.052, 54, 0.00415345, 
3, 40, 8, 3, 0, 0, 0, 0, 0, 2, 0, 1, 0, 1, 4.33785, -0.664192, -0.58673, -0.66584, -0.63947, -0.594971, 2.73917, -0.611452, 0.97239, -0.596619, 1, 0.368, 0.403, 0.356, 0.404, 0.388, 0.361, 0.338, 0.371, 0.41, 0.362, 115, 0.00527611, 
3, 40, 24, 0, 0, 2, 0, 0, 0, 0, 0, 0, 0, 1, -0.527758, -0.512349, 3.24552, -0.537389, -0.535463, -0.52198, -0.552798, -0.591321, -0.527758, -0.518128, 1, 0.274, 0.266, 0.315, 0.279, 0.278, 0.271, 0.287, 0.307, 0.274, 0.269, 104, 0.00499209, 
2, 40, 33, 0, 0, 0, 0, 0, 0, 0, 1, 0, 0, 1, -0.235704, -0.295629, -0.207739, -0.219724, -0.279649, -0.291634, -0.243694, 3.77925, -0.283644, -0.263669, 1, 0.059, 0.074, 0.052, 0.055, 0.07, 0.073, 0.061, 0.054, 0.071, 0.066, 81, 0.0030903, 
2, 40, 37, 9, 4, 5, 7, 5, 8, 2, 3, 14, 6, 1, 1.78353, -0.471512, -0.0374861, 0.862633, -0.0356796, 1.28627, -1.42944, -0.895602, 3.92882, 0.384797, 1, 5.051, 5.044, 5.083, 5.09, 5.079, 5.152, 5.165, 4.983, 5.301, 5.148, 151, 0.0146633, 
3, 40, 43, 0, 0, 2, 1, 0, 1, 0, 1, 1, 0, 1, -0.469795, -0.547413, 3.49487, 1.53807, -0.500434, 1.56258, -0.41056, 1.54828, 1.62794, -0.475923, 1, 0.23, 0.268, 0.289, 0.247, 0.245, 0.235, 0.201, 0.242, 0.203, 0.233, 104, 0.00470745, 
1, 40, 44, 0, 0, 0, 0, 1, 0, 0, 0, 0, 1, 1, -0.196043, -0.191781, -0.196043, -0.255708, 4.04871, -0.238661, -0.251446, -0.21309, -0.323897, 3.99331, 1, 0.046, 0.045, 0.046, 0.06, 0.05, 0.056, 0.059, 0.05, 0.076, 0.063, 42, 0.00558672, 
3, 40, 45, 0, 0, 2, 0, 1, 0, 0, 1, 0, 1, 1, -0.57917, -0.558144, 3.26094, -0.558144, 1.44315, -0.521827, -0.556233, 1.39536, -0.52565, 1.33993, 1, 0.303, 0.292, 0.294, 0.292, 0.245, 0.273, 0.291, 0.27, 0.275, 0.299, 96, 0.0054496, 
3, 41, 22, 0, 1, 0, 0, 0, 0, 0, 0, 0, 0, 1, -0.212684, 7.67237, -0.141789, -0.220561, -0.165421, -0.102403, -0.118158, -0.0945261, -0.0315087, -0.0787717, 1, 0.027, 0.026, 0.018, 0.028, 0.021, 0.013, 0.015, 0.012, 0.004, 0.01, 10, 0.0126949, 
2, 41, 27, 0, 0, 0, 0, 0, 1, 2, 0, 0, 0, 1, -0.416752, -0.477625, -0.444847, -0.409728, -0.496356, 1.89879, 4.27756, -0.50338, -0.463578, -0.426117, 1, 0.178, 0.204, 0.19, 0.175, 0.212, 0.189, 0.173, 0.215, 0.198, 0.182, 25, 0.0170845, 
2, 41, 31, 0, 0, 0, 0, 0, 1, 0, 0, 0, 0, 1, -0.0476383, -0.0873369, -0.0793972, -0.0952766, -0.150855, 7.77298, -0.158794, -0.182614, -0.158794, -0.206433, 1, 0.006, 0.011, 0.01, 0.012, 0.019, 0.021, 0.02, 0.023, 0.02, 0.026, 4, 0.0314873, 
2, 41, 49, 1, 0, 0, 0, 0, 1, 2, 0, 0, 1, 1, 1.50369, -0.552168, -0.531793, -0.523643, -0.527718, 1.51999, 3.56566, -0.558281, -0.444179, 1.51999, 1, 0.262, 0.271, 0.261, 0.257, 0.259, 0.254, 0.25, 0.274, 0.218, 0.254, 25, 0.0196317, 
3, 42, 7, 0, 0, 0, 0, 1, 0, 0, 0, 0, 0, 1, -0.165616, -0.186319, -0.175968, -0.129388, 4.94262, -0.19667, -0.227723, -0.181143, -0.212196, -0.243249, 1, 0.032, 0.036, 0.034, 0.025, 0.045, 0.038, 0.044, 0.035, 0.041, 0.047, 29, 0.00666267, 
2, 42, 20, 1, 0, 0, 1, 0, 3, 0, 0, 1, 0, 1, 0.622819, -0.718106, -0.749869, 0.60901, -0.744345, 3.40548, -0.702916, -0.798203, 0.633867, -0.771964, 1, 0.549, 0.52, 0.543, 0.559, 0.539, 0.534, 0.509, 0.578, 0.541, 0.559, 131, 0.00552768, 
3, 42, 23, 0, 0, 1, 0, 0, 0, 0, 0, 0, 0, 1, -0.20053, -0.248483, 4.12831, -0.244124, -0.231046, -0.20053, -0.248483, -0.287717, -0.274639, -0.191812, 1, 0.046, 0.057, 0.053, 0.056, 0.053, 0.046, 0.057, 0.066, 0.063, 0.044, 29, 0.00791006, 
3, 42, 25, 0, 0, 0, 0, 2, 0, 0, 0, 0, 0, 1, -0.440152, -0.470359, -0.397, -0.422892, 3.95706, -0.502723, -0.500566, -0.54156, -0.470359, -0.504881, 1, 0.204, 0.218, 0.184, 0.196, 0.166, 0.233, 0.232, 0.251, 0.218, 0.234, 152, 0.00304918, 
2, 42, 29, 0, 0, 0, 0, 0, 0, 0, 1, 0, 0, 1, -0.233671, -0.294104, -0.221585, -0.277988, -0.294104, -0.261873, -0.273959, 3.73874, -0.229642, -0.286046, 1, 0.058, 0.073, 0.055, 0.069, 0.073, 0.065, 0.068, 0.072, 0.057, 0.071, 45, 0.00551582, 
2, 42, 31, 0, 0, 0, 0, 0, 1, 0, 0, 0, 0, 1, -0.289963, -0.297398, -0.26394, -0.327138, -0.26394, 3.42751, -0.29368, -0.252788, -0.256506, -0.26394, 1, 0.078, 0.08, 0.071, 0.088, 0.071, 0.078, 0.079, 0.068, 0.069, 0.071, 63, 0.00426984, 
3, 42, 41, 3, 0, 0, 0, 1, 1, 0, 0, 1, 0, 1, 3.99402, -0.562452, -0.608554, -0.628532, 0.874412, 0.835994, -0.659267, -0.688465, 0.806795, -0.726884, 1, 0.401, 0.366, 0.396, 0.409, 0.431, 0.456, 0.429, 0.448, 0.475, 0.473, 177, 0.0036764, 
3, 42, 42, 0, 0, 0, 1, 0, 0, 0, 0, 0, 0, 1, -0.264637, -0.280437, -0.252788, 3.68123, -0.260688, -0.272537, -0.244888, -0.276487, -0.185641, -0.22119, 1, 0.067, 0.071, 0.064, 0.068, 0.066, 0.069, 0.062, 0.07, 0.047, 0.056, 55, 0.00460321, 
3, 42, 46, 0, 0, 0, 0, 2, 0, 1, 0, 0, 1, 1, -0.302109, -0.306943, -0.357697, -0.396367, 4.47846, -0.352863, 2.05192, -0.386699, -0.357697, 2.01325, 1, 0.125, 0.127, 0.148, 0.164, 0.147, 0.146, 0.151, 0.16, 0.148, 0.167, 119, 0.00347696, 
3, 43, 4, 1, 0, 0, 0, 0, 0, 0, 0, 0, 0, 1, 6.02543, -0.168762, -0.218766, -0.131259, -0.14376, -0.162512, -0.100007, -0.125009, -0.181263, -0.212515, 1, 0.036, 0.027, 0.035, 0.021, 0.023, 0.026, 0.016, 0.02, 0.029, 0.034, 6, 0.0266648, 
2, 43, 5, 0, 0, 0, 0, 0, 0, 0, 0, 0, 1, 1, -0.217171, -0.205741, -0.245746, -0.188596, -0.194311, -0.14859, -0.194311, -0.13716, -0.177166, 5.60643, 1, 0.038, 0.036, 0.043, 0.033, 0.034, 0.026, 0.034, 0.024, 0.031, 0.019, 9, 0.019442, 
2, 43, 11, 0, 0, 0, 0, 0, 0, 0, 1, 0, 0, 1, -0.184246, -0.171963, -0.165821, -0.153538, -0.122831, -0.122831, -0.276369, 6.00642, -0.171963, -0.147397, 1, 0.03, 0.028, 0.027, 0.025, 0.02, 0.02, 0.045, 0.022, 0.028, 0.024, 8, 0.0203532, 
3, 43, 13, 0, 0, 0, 1, 0, 0, 0, 0, 0, 0, 1, -0.077305, -0.0579788, -0.115958, 9.52784, -0.125621, -0.115958, -0.144947, -0.125621, -0.0386525, -0.144947, 1, 0.008, 0.006, 0.012, 0.014, 0.013, 0.012, 0.015, 0.013, 0.004, 0.015, 6, 0.0172477, 
3, 43, 24, 0, 0, 1, 0, 0, 0, 0, 0, 0, 0, 1, -0.254877, -0.259197, 4.06939, -0.272157, -0.203037, -0.319676, -0.285116, -0.151198, -0.233277, -0.211677, 1, 0.059, 0.06, 0.058, 0.063, 0.047, 0.074, 0.066, 0.035, 0.054, 0.049, 7, 0.0330692, 
2, 43, 27, 0, 0, 0, 0, 0, 0, 1, 0, 0, 0, 1, -0.20282, -0.270426, -0.260768, -0.226965, -0.231794, -0.222136, 4.59241, -0.130384, -0.178674, -0.226965, 1, 0.042, 0.056, 0.054, 0.047, 0.048, 0.046, 0.049, 0.027, 0.037, 0.047, 10, 0.0207081, 
2, 43, 43, 0, 0, 0, 0, 0, 0, 1, 0, 0, 0, 1, -0.0693999, -0.0867498, -0.112775, -0.0693999, -0.12145, -0.147475, 8.56221, -0.130125, -0.19085, -0.15615, 1, 0.008, 0.01, 0.013, 0.008, 0.014, 0.017, 0.013, 0.015, 0.022, 0.018, 10, 0.0115274, 
1, 43, 46, 0, 0, 0, 0, 1, 0, 0, 1, 0, 0, 1, -0.150094, -0.122298, -0.138975, -0.150094, 5.3589, -0.150094, -0.239038, 5.33666, -0.261274, -0.250156, 1, 0.027, 0.022, 0.025, 0.027, 0.036, 0.027, 0.043, 0.04, 0.047, 0.045, 7, 0.0256983, 
2, 43, 48, 0, 0, 0, 0, 0, 0, 0, 0, 0, 1, 1, -0.162422, -0.162422, -0.181163, -0.206151, -0.156175, -0.112446, -0.181163, -0.137434, -0.149928, 6.04086, 1, 0.026, 0.026, 0.029, 0.033, 0.025, 0.018, 0.029, 0.022, 0.024, 0.033, 10, 0.0160077, 
3, 44, 2, 0, 1, 0, 0, 0, 0, 0, 0, 0, 0, 1, -0.309592, 3.36866, -0.298535, -0.287478, -0.261679, -0.243251, -0.243251, -0.298535, -0.272736, -0.272736, 1, 0.084, 0.086, 0.081, 0.078, 0.071, 0.066, 0.066, 0.081, 0.074, 0.074, 19, 0.0142803, 
2, 44, 12, 0, 0, 0, 0, 0, 3, 0, 1, 0, 0, 1, -0.671045, -0.659418, -0.651113, -0.626198, -0.661079, 4.34518, -0.639486, 1.0265, -0.667723, -0.710909, 1, 0.404, 0.397, 0.392, 0.377, 0.398, 0.384, 0.385, 0.382, 0.402, 0.428, 20, 0.0301023, 
1, 44, 17, 1, 0, 0, 0, 0, 0, 0, 0, 1, 0, 1, 5.30044, -0.19692, -0.17504, -0.22974, -0.17504, -0.22974, -0.17504, -0.20786, 5.33326, -0.15863, 1, 0.031, 0.036, 0.032, 0.042, 0.032, 0.042, 0.032, 0.038, 0.025, 0.029, 20, 0.00914075, 
2, 44, 21, 0, 0, 0, 1, 0, 0, 2, 0, 1, 1, 1, -0.565241, -0.521171, -0.509675, 1.4064, -0.509675, -0.517339, 3.2784, -0.576737, 1.34891, 1.36999, 1, 0.295, 0.272, 0.266, 0.266, 0.266, 0.27, 0.289, 0.301, 0.296, 0.285, 20, 0.0260951, 
3, 44, 24, 0, 0, 0, 1, 0, 0, 0, 0, 0, 0, 1, -0.153834, -0.12708, -0.113703, 6.52123, -0.140457, -0.207342, -0.193965, -0.180588, -0.113703, -0.147146, 1, 0.023, 0.019, 0.017, 0.025, 0.021, 0.031, 0.029, 0.027, 0.017, 0.022, 8, 0.018689, 
3, 44, 38, 0, 1, 0, 0, 1, 0, 0, 0, 0, 0, 1, -0.266495, 4.37879, -0.202169, -0.170006, 4.36041, -0.248116, -0.261901, -0.215953, -0.202169, -0.220548, 1, 0.058, 0.047, 0.044, 0.037, 0.051, 0.054, 0.057, 0.047, 0.044, 0.048, 18, 0.0120911, 
2, 45, 1, 0, 0, 0, 0, 0, 0, 0, 0, 1, 0, 1, -0.226166, -0.185045, -0.174764, -0.262147, -0.185045, -0.185045, -0.179905, -0.185045, 4.97051, -0.231306, 1, 0.044, 0.036, 0.034, 0.051, 0.036, 0.036, 0.035, 0.036, 0.033, 0.045, 37, 0.00525804, 
2, 45, 10, 1, 1, 0, 0, 0, 2, 0, 1, 0, 0, 1, 1.95515, 2.0578, -0.472674, -0.424929, -0.446414, 4.32807, -0.398669, 1.95038, -0.367635, -0.427316, 1, 0.181, 0.138, 0.198, 0.178, 0.187, 0.187, 0.167, 0.183, 0.154, 0.179, 109, 0.00384306, 
2, 45, 22, 0, 0, 0, 0, 0, 2, 0, 0, 0, 0, 1, -0.360181, -0.396478, -0.362973, -0.362973, -0.374141, 5.25752, -0.351804, -0.357389, -0.301547, -0.354596, 1, 0.129, 0.142, 0.13, 0.13, 0.134, 0.117, 0.126, 0.128, 0.108, 0.127, 137, 0.00261426, 
3, 45, 44, 0, 0, 0, 1, 0, 0, 0, 0, 0, 0, 1, -0.243857, -0.251247, -0.354701, 3.40292, -0.273416, -0.277111, -0.314059, -0.236468, -0.243857, -0.232773, 1, 0.066, 0.068, 0.096, 0.079, 0.074, 0.075, 0.085, 0.064, 0.066, 0.063, 75, 0.00360867, 
3, 45, 50, 0, 0, 0, 2, 0, 0, 0, 0, 0, 0, 1, -0.51479, -0.473107, -0.543968, 3.63062, -0.500201, -0.51479, -0.554389, -0.529379, -0.475191, -0.535632, 1, 0.247, 0.227, 0.261, 0.258, 0.24, 0.247, 0.266, 0.254, 0.228, 0.257, 120, 0.00399839, 
3, 46, 21, 0, 0, 0, 0, 1, 0, 0, 0, 0, 0, 1, -0.0425257, -0.0212629, -0.0850515, -0.14884, 21.1778, -0.0425257, -0.0212629, -0.0212629, -0.0212629, -0.0425257, 1, 0.002, 0.001, 0.004, 0.007, 0.004, 0.002, 0.001, 0.001, 0.001, 0.002, 1, 0.0470303, 
2, 46, 49, 0, 0, 0, 0, 0, 0, 0, 0, 0, 1, 1, -0.069663, -0.069663, -0.0557304, -0.069663, -0.0139326, -0.069663, -0.0417978, -0.0835956, -0.153259, 13.7793, 1, 0.005, 0.005, 0.004, 0.005, 0.001, 0.005, 0.003, 0.006, 0.011, 0.011, 1, 0.0717741, 
2, 47, 3, 0, 0, 0, 0, 0, 0, 0, 1, 0, 0, 1, -0.319296, -0.30372, -0.276463, -0.241419, -0.229737, -0.237525, -0.280357, 3.64075, -0.237525, -0.295933, 1, 0.082, 0.078, 0.071, 0.062, 0.059, 0.061, 0.072, 0.065, 0.061, 0.076, 13, 0.019755, 
3, 47, 19, 0, 0, 0, 1, 0, 0, 0, 0, 0, 0, 1, -0.162611, -0.156588, -0.156588, 5.87809, -0.198747, -0.174656, -0.271018, -0.11443, -0.132498, -0.168634, 1, 0.027, 0.026, 0.026, 0.024, 0.033, 0.029, 0.045, 0.019, 0.022, 0.028, 13, 0.0127723, 
2, 47, 25, 0, 0, 0, 0, 0, 1, 0, 0, 0, 0, 1, -0.250327, -0.298635, -0.23276, -0.289852, -0.219585, 4.17211, -0.25911, -0.20641, -0.158101, -0.215193, 1, 0.057, 0.068, 0.053, 0.066, 0.05, 0.05, 0.059, 0.047, 0.036, 0.049, 7, 0.0325289, 
3, 47, 28, 1, 0, 0, 0, 0, 0, 0, 0, 0, 0, 1, 4.71021, -0.229172, -0.229172, -0.224296, -0.165784, -0.185288, -0.175536, -0.26818, -0.214544, -0.224296, 1, 0.034, 0.047, 0.047, 0.046, 0.034, 0.038, 0.036, 0.055, 0.044, 0.046, 10, 0.0205086, 
2, 47, 38, 0, 0, 0, 0, 0, 0, 0, 1, 0, 0, 1, -0.204796, -0.299609, -0.261684, -0.201003, -0.242721, -0.318571, -0.314779, 3.51187, -0.356497, -0.345119, 1, 0.054, 0.079, 0.069, 0.053, 0.064, 0.084, 0.083, 0.074, 0.094, 0.091, 12, 0.0219731, 
2, 47, 43, 0, 0, 0, 0, 0, 0, 0, 1, 0, 0, 1, -0.219628, -0.210079, -0.229177, -0.248275, -0.2435, -0.195755, -0.253049, 4.59309, -0.219628, -0.171883, 1, 0.046, 0.044, 0.048, 0.052, 0.051, 0.041, 0.053, 0.038, 0.046, 0.036, 12, 0.0174538, 
2, 47, 46, 0, 0, 0, 0, 0, 1, 0, 0, 0, 0, 1, -0.110764, -0.123796, -0.143342, -0.130311, -0.241076, 6.30055, -0.149858, -0.156373, -0.136827, -0.188951, 1, 0.017, 0.019, 0.022, 0.02, 0.037, 0.033, 0.023, 0.024, 0.021, 0.029, 4, 0.0383697, 
2, 48, 8, 0, 0, 0, 0, 0, 0, 1, 0, 0, 0, 1, -0.200896, -0.200896, -0.287952, -0.120538, -0.160717, -0.167414, 6.52244, -0.0937517, -0.107145, -0.073662, 1, 0.03, 0.03, 0.043, 0.018, 0.024, 0.025, 0.026, 0.014, 0.016, 0.011, 14, 0.0106665, 
3, 48, 15, 0, 0, 0, 0, 1, 0, 0, 0, 0, 0, 1, -0.231889, -0.301894, -0.223139, -0.253766, 4.19151, -0.24064, -0.227514, -0.249391, -0.218764, -0.188137, 1, 0.053, 0.069, 0.051, 0.058, 0.042, 0.055, 0.052, 0.057, 0.05, 0.043, 19, 0.0120293, 
2, 48, 17, 0, 0, 0, 0, 0, 2, 1, 0, 0, 0, 1, -0.322493, -0.280881, -0.336364, -0.284349, -0.284349, 6.67526, 3.17638, -0.25314, -0.319025, -0.319025, 1, 0.093, 0.081, 0.097, 0.082, 0.082, 0.075, 0.084, 0.073, 0.092, 0.092, 20, 0.0144189, 
1, 48, 33, 0, 0, 0, 0, 1, 0, 1, 0, 0, 0, 1, -0.228219, -0.223363, -0.184518, -0.247642, 4.62265, -0.252498, 4.64693, -0.184518, -0.189373, -0.160239, 1, 0.047, 0.046, 0.038, 0.051, 0.048, 0.052, 0.043, 0.038, 0.039, 0.033, 13, 0.0158417, 
2, 48, 41, 0, 0, 0, 0, 0, 0, 0, 1, 0, 1, 1, -0.260926, -0.353337, -0.22831, -0.233746, -0.157643, -0.157643, -0.217438, 5.29462, -0.0924113, 5.33811, 1, 0.048, 0.065, 0.042, 0.043, 0.029, 0.029, 0.04, 0.026, 0.017, 0.018, 16, 0.0114975, 
2, 48, 49, 0, 0, 0, 0, 1, 0, 0, 0, 0, 2, 1, -0.447852, -0.445635, -0.492193, -0.505496, 1.7781, -0.452286, -0.450069, -0.430115, -0.445635, 4.01071, 1, 0.202, 0.201, 0.222, 0.228, 0.198, 0.204, 0.203, 0.194, 0.201, 0.191, 20, 0.0225521, 
3, 49, 3, 0, 0, 1, 0, 0, 0, 0, 0, 0, 0, 1, -0.147301, -0.162539, 4.85585, -0.203174, -0.198094, -0.223491, -0.172698, -0.172698, -0.289523, -0.284443, 1, 0.029, 0.032, 0.044, 0.04, 0.039, 0.044, 0.034, 0.034, 0.057, 0.056, 4, 0.0492189, 
2, 49, 37, 0, 0, 0, 0, 0, 0, 1, 0, 2, 0, 1, -0.37563, -0.430069, -0.389239, -0.451844, -0.340244, -0.411015, 2.33271, -0.37563, 5.07644, -0.359298, 1, 0.138, 0.158, 0.143, 0.166, 0.125, 0.151, 0.143, 0.138, 0.135, 0.132, 5, 0.0734766, 
3, 50, 17, 0, 1, 0, 0, 0, 0, 0, 0, 0, 0, 1, -0.116219, 6.30165, -0.154958, -0.193698, -0.161415, -0.161415, -0.122675, -0.187242, -0.142045, -0.187242, 1, 0.018, 0.024, 0.024, 0.03, 0.025, 0.025, 0.019, 0.029, 0.022, 0.029, 6, 0.0258134, 
2, 50, 21, 0, 0, 0, 0, 0, 0, 1, 0, 0, 0, 1, -0.262481, -0.317165, -0.306228, -0.34633, -0.244254, -0.317165, 3.38674, -0.324456, -0.247899, -0.226026, 1, 0.072, 0.087, 0.084, 0.095, 0.067, 0.087, 0.071, 0.089, 0.068, 0.062, 6, 0.0457175, 
2, 51, 4, 0, 0, 0, 0, 0, 1, 0, 0, 0, 0, 1, -0.322895, -0.300627, -0.282069, -0.278358, -0.270935, 3.47762, -0.267224, -0.259801, -0.282069, -0.282069, 1, 0.087, 0.081, 0.076, 0.075, 0.073, 0.063, 0.072, 0.07, 0.076, 0.076, 41, 0.00657164, 
3, 51, 8, 1, 1, 4, 1, 1, 0, 0, 1, 0, 0, 1, 0.427723, 0.426505, 4.03108, 0.388729, 0.405789, -0.831075, -0.759179, 0.360701, -0.846917, -0.85301, 1, 0.649, 0.65, 0.692, 0.681, 0.667, 0.682, 0.623, 0.704, 0.695, 0.7, 288, 0.00284939, 
1, 51, 11, 1, 0, 0, 0, 0, 0, 0, 0, 1, 0, 1, 3.3228, -0.261181, -0.319221, -0.272063, -0.261181, -0.333731, -0.293828, -0.239416, 3.35908, -0.268436, 1, 0.084, 0.072, 0.088, 0.075, 0.072, 0.092, 0.081, 0.066, 0.074, 0.074, 51, 0.00540532, 
2, 51, 30, 0, 0, 0, 0, 0, 0, 0, 2, 0, 1, 1, -0.466601, -0.39622, -0.417074, -0.453567, -0.40404, -0.39622, -0.310198, 4.83284, -0.41968, 2.24698, 1, 0.179, 0.152, 0.16, 0.174, 0.155, 0.152, 0.119, 0.146, 0.161, 0.138, 125, 0.003069, 
3, 51, 45, 1, 1, 1, 3, 0, 1, 0, 2, 1, 0, 1, 0.645503, 0.628093, 0.605327, 3.24359, -0.723178, 0.542383, -0.823619, 1.8441, 0.499528, -0.850404, 1, 0.518, 0.531, 0.548, 0.578, 0.54, 0.595, 0.615, 0.623, 0.627, 0.635, 221, 0.00337875, 
2, 51, 50, 0, 0, 0, 0, 0, 0, 0, 0, 0, 2, 1, -0.417683, -0.472894, -0.45129, -0.408081, -0.463292, -0.388877, -0.45369, -0.398479, -0.408081, 4.38327, 1, 0.174, 0.197, 0.188, 0.17, 0.193, 0.162, 0.189, 0.166, 0.17, 0.174, 75, 0.00555445, 
2, 52, 2, 1, 2, 0, 2, 1, 4, 1, 1, 0, 1, 1, 0.533595, 1.88135, -0.770894, 1.84333, 0.555883, 4.44444, 0.51393, 0.558505, -0.791871, 0.498197, 1, 0.593, 0.565, 0.588, 0.594, 0.576, 0.61, 0.608, 0.574, 0.604, 0.62, 180, 0.0042375, 
3, 52, 7, 0, 0, 1, 1, 0, 0, 0, 0, 0, 0, 1, -0.238497, -0.268309, 3.48801, 3.42466, -0.268309, -0.257129, -0.238497, -0.3093, -0.316753, -0.279488, 1, 0.064, 0.072, 0.064, 0.081, 0.072, 0.069, 0.064, 0.083, 0.085, 0.075, 47, 0.00570952, 
3, 52, 15, 1, 1, 4, 0, 5, 0, 4, 0, 2, 2, 1, -0.116248, -0.166069, 2.57499, -1.07945, 3.56217, -1.09605, 2.61651, -1.09882, 0.747309, 0.680882, 1, 1.126, 1.18, 1.209, 1.17, 1.139, 1.188, 1.164, 1.191, 1.19, 1.262, 204, 0.00531318, 
3, 52, 17, 1, 0, 2, 3, 5, 1, 1, 2, 0, 0, 1, -0.11187, -1.06941, 0.91582, 1.79087, 3.69078, -0.109026, -0.0881691, 0.813431, -0.982184, -1.0002, 1, 1.118, 1.128, 1.034, 1.111, 1.107, 1.115, 1.093, 1.142, 1.036, 1.055, 193, 0.00546524, 
2, 52, 22, 0, 0, 0, 0, 0, 0, 0, 1, 0, 0, 1, -0.272264, -0.293207, -0.297396, -0.280641, -0.230377, -0.259698, -0.217811, 3.97086, -0.205245, -0.154981, 1, 0.065, 0.07, 0.071, 0.067, 0.055, 0.062, 0.052, 0.052, 0.049, 0.037, 81, 0.00294739, 
1, 52, 23, 0, 1, 0, 0, 0, 0, 1, 0, 0, 0, 1, -0.304594, 3.54853, -0.270328, -0.270328, -0.316017, -0.247483, 3.55233, -0.285557, -0.312209, -0.258905, 1, 0.08, 0.068, 0.071, 0.071, 0.083, 0.065, 0.067, 0.075, 0.082, 0.068, 31, 0.0084724, 
3, 52, 26, 0, 0, 0, 1, 0, 0, 0, 0, 0, 0, 1, -0.183829, -0.163955, -0.20867, 4.79942, -0.223575, -0.20867, -0.243449, -0.258354, -0.213639, -0.203702, 1, 0.037, 0.033, 0.042, 0.034, 0.045, 0.042, 0.049, 0.052, 0.043, 0.041, 24, 0.00838644, 
2, 52, 29, 0, 0, 0, 1, 0, 0, 0, 1, 0, 2, 1, -0.339556, -0.280216, -0.326369, 2.9604, -0.299996, -0.382412, -0.267029, 3.00655, -0.339556, 6.32629, 1, 0.103, 0.085, 0.099, 0.102, 0.091, 0.116, 0.081, 0.088, 0.103, 0.081, 70, 0.00433339, 
3, 53, 6, 0, 1, 0, 0, 0, 0, 0, 0, 0, 0, 1, -0.262164, 3.2735, -0.304677, -0.269249, -0.251535, -0.240907, -0.272792, -0.311762, -0.364903, -0.354275, 1, 0.074, 0.076, 0.086, 0.076, 0.071, 0.068, 0.077, 0.088, 0.103, 0.1, 46, 0.00613623, 
2, 53, 9, 0, 0, 0, 0, 0, 0, 0, 0, 2, 0, 1, -0.427769, -0.401288, -0.435917, -0.47462, -0.488879, -0.415547, -0.47462, -0.521471, 3.54845, -0.450176, 1, 0.21, 0.197, 0.214, 0.233, 0.24, 0.204, 0.233, 0.256, 0.258, 0.221, 67, 0.00732715, 
3, 53, 29, 0, 1, 0, 0, 0, 0, 0, 0, 0, 0, 1, -0.134921, 8.87778, -0.125926, -0.134921, -0.0989418, -0.125926, -0.0719577, -0.107937, -0.116931, -0.0989418, 1, 0.015, 0.013, 0.014, 0.015, 0.011, 0.014, 0.008, 0.012, 0.013, 0.011, 24, 0.00463235, 
2, 53, 33, 0, 0, 0, 0, 0, 0, 1, 0, 0, 0, 1, -0.252769, -0.203989, -0.252769, -0.230597, -0.261639, -0.252769, 4.235, -0.235031, -0.226162, -0.221728, 1, 0.057, 0.046, 0.057, 0.052, 0.059, 0.057, 0.045, 0.053, 0.051, 0.05, 60, 0.00375837, 
2, 53, 44, 0, 0, 0, 0, 0, 0, 0, 0, 1, 0, 1, -0.151829, -0.0990187, -0.145227, -0.204639, -0.151829, -0.132025, -0.165031, -0.21124, 6.45602, -0.132025, 1, 0.023, 0.015, 0.022, 0.031, 0.023, 0.02, 0.025, 0.032, 0.022, 0.02, 26, 0.0058264, 
2, 54, 6, 0, 0, 0, 0, 0, 0, 0, 0, 0, 1, 1, -0.203303, -0.24921, -0.163954, -0.124605, -0.17707, -0.111489, -0.144279, -0.10493, -0.0983723, 6.36796, 1, 0.031, 0.038, 0.025, 0.019, 0.027, 0.017, 0.022, 0.016, 0.015, 0.029, 81, 0.00188249, 
3, 54, 10, 0, 0, 0, 2, 0, 0, 0, 0, 0, 0, 1, -0.401949, -0.372275, -0.356089, 4.97985, -0.455902, -0.364182, -0.388461, -0.299438, -0.434321, -0.356089, 1, 0.149, 0.138, 0.132, 0.154, 0.169, 0.135, 0.144, 0.111, 0.161, 0.132, 54, 0.0068647, 
3, 54, 17, 2, 0, 5, 1, 0, 0, 2, 1, 0, 2, 1, 0.836507, -1.05493, 3.76762, -0.0658141, -1.04158, -1.03681, 0.855583, -0.0457837, -1.02441, 0.832691, 1, 1.123, 1.106, 1.05, 1.069, 1.092, 1.087, 1.103, 1.048, 1.074, 1.127, 164, 0.00639273, 
3, 54, 22, 0, 0, 1, 0, 0, 0, 0, 0, 0, 0, 1, -0.242226, -0.32999, 3.29288, -0.242226, -0.308926, -0.284353, -0.312437, -0.273821, -0.382648, -0.337011, 1, 0.069, 0.094, 0.062, 0.069, 0.088, 0.081, 0.089, 0.078, 0.109, 0.096, 75, 0.0037981, 
3, 54, 23, 1, 0, 0, 0, 0, 0, 0, 0, 0, 0, 1, 4.40698, -0.253275, -0.225645, -0.21183, -0.216435, -0.225645, -0.216435, -0.244065, -0.216435, -0.207225, 1, 0.043, 0.055, 0.049, 0.046, 0.047, 0.049, 0.047, 0.053, 0.047, 0.045, 16, 0.0135722, 
1, 54, 35, 0, 1, 0, 0, 0, 0, 0, 0, 0, 1, 1, -0.230555, 4.94413, -0.194691, -0.16395, -0.184444, -0.153703, -0.179321, -0.225432, -0.215185, 4.88265, 1, 0.045, 0.035, 0.038, 0.032, 0.036, 0.03, 0.035, 0.044, 0.042, 0.047, 27, 0.00722893, 
3, 54, 40, 0, 1, 0, 0, 0, 0, 0, 0, 0, 0, 1, -0.235683, 3.87016, -0.243952, -0.272896, -0.264626, -0.235683, -0.223279, -0.219144, -0.239818, -0.215009, 1, 0.057, 0.064, 0.059, 0.066, 0.064, 0.057, 0.054, 0.053, 0.058, 0.052, 79, 0.0030614, 
2, 54, 42, 0, 0, 0, 0, 0, 0, 0, 0, 0, 1, 1, -0.156454, -0.198176, -0.16167, -0.208606, -0.229466, -0.234682, -0.135594, -0.166885, -0.203391, 5.01175, 1, 0.03, 0.038, 0.031, 0.04, 0.044, 0.045, 0.026, 0.032, 0.039, 0.039, 36, 0.00532637, 
1, 54, 43, 0, 0, 0, 2, 1, 0, 0, 0, 0, 2, 1, -0.471397, -0.477884, -0.531943, 3.88145, 1.60664, -0.54708, -0.441123, -0.425987, -0.423824, 3.83604, 1, 0.218, 0.221, 0.246, 0.205, 0.257, 0.253, 0.204, 0.197, 0.196, 0.226, 107, 0.00432202, 
1, 54, 44, 0, 0, 0, 1, 0, 0, 0, 0, 1, 0, 1, -0.284248, -0.317046, -0.291536, 3.34902, -0.266027, -0.255094, -0.258739, -0.236873, 3.3636, -0.280604, 1, 0.078, 0.087, 0.08, 0.081, 0.073, 0.07, 0.071, 0.065, 0.077, 0.077, 46, 0.0059654, 
3, 55, 4, 0, 0, 0, 1, 0, 0, 0, 0, 0, 0, 1, -0.244228, -0.23181, -0.223531, 3.83314, -0.281483, -0.190415, -0.252507, -0.215252, -0.30218, -0.256646, 1, 0.059, 0.056, 0.054, 0.074, 0.068, 0.046, 0.061, 0.052, 0.073, 0.062, 17, 0.0142104, 
2, 55, 6, 0, 0, 0, 0, 0, 0, 0, 1, 0, 0, 1, -0.299422, -0.180604, -0.204367, -0.171098, -0.256647, -0.166345, -0.180604, 4.50559, -0.237636, -0.242389, 1, 0.063, 0.038, 0.043, 0.036, 0.054, 0.035, 0.038, 0.052, 0.05, 0.051, 42, 0.00500965, 
1, 55, 8, 2, 0, 0, 0, 0, 0, 2, 0, 0, 0, 1, 4.10099, -0.519399, -0.451651, -0.435843, -0.431327, -0.512624, 4.05131, -0.44036, -0.451651, -0.499074, 1, 0.184, 0.23, 0.2, 0.193, 0.191, 0.227, 0.206, 0.195, 0.2, 0.221, 77, 0.00575091, 
3, 55, 13, 0, 0, 1, 0, 0, 0, 0, 0, 0, 0, 1, -0.267146, -0.282412, 3.57976, -0.282412, -0.270963, -0.26333, -0.282412, -0.274779, -0.270963, -0.301494, 1, 0.07, 0.074, 0.062, 0.074, 0.071, 0.069, 0.074, 0.072, 0.071, 0.079, 35, 0.00748653, 
3, 55, 22, 0, 1, 1, 0, 0, 0, 0, 0, 0, 0, 1, -0.216154, 4.82073, 4.80565, -0.221181, -0.180966, -0.180966, -0.196047, -0.180966, -0.201073, -0.2061, 1, 0.043, 0.041, 0.044, 0.044, 0.036, 0.036, 0.039, 0.036, 0.04, 0.041, 51, 0.00390063, 
2, 55, 30, 0, 0, 0, 0, 0, 0, 1, 0, 0, 0, 1, -0.152117, -0.167854, -0.162608, -0.262271, -0.173099, -0.246535, 5.07233, -0.220308, -0.236044, -0.204572, 1, 0.029, 0.032, 0.031, 0.05, 0.033, 0.047, 0.033, 0.042, 0.045, 0.039, 38, 0.0050169, 
1, 55, 31, 0, 0, 0, 0, 1, 0, 0, 0, 0, 1, 1, -0.25861, -0.205833, -0.200555, -0.195277, 5.06665, -0.163611, -0.184722, -0.189999, -0.131944, 5.11943, 1, 0.049, 0.039, 0.038, 0.037, 0.04, 0.031, 0.035, 0.036, 0.025, 0.03, 25, 0.00757897, 
2, 55, 33, 0, 0, 0, 0, 0, 0, 0, 1, 0, 0, 1, -0.232482, -0.184509, -0.214031, -0.273074, -0.339497, -0.284144, -0.295215, 3.40235, -0.324736, -0.313666, 1, 0.063, 0.05, 0.058, 0.074, 0.092, 0.077, 0.08, 0.078, 0.088, 0.085, 68, 0.00398513, 
2, 55, 43, 0, 0, 0, 0, 0, 0, 0, 0, 1, 0, 1, -0.337779, -0.253334, -0.264349, -0.245991, -0.245991, -0.286378, -0.279035, -0.290049, 3.3631, -0.323093, 1, 0.092, 0.069, 0.072, 0.067, 0.067, 0.078, 0.076, 0.079, 0.084, 0.088, 55, 0.00495214, 
2, 55, 48, 0, 0, 0, 0, 0, 0, 0, 0, 0, 1, 1, -0.303934, -0.232172, -0.287049, -0.261721, -0.265943, -0.249057, -0.232172, -0.185738, -0.244836, 4.02713, 1, 0.072, 0.055, 0.068, 0.062, 0.063, 0.059, 0.055, 0.044, 0.058, 0.046, 76, 0.00311702, 
2, 56, 5, 0, 0, 0, 0, 0, 1, 0, 0, 0, 0, 1, -0.108006, -0.117006, -0.117006, -0.117006, -0.0990055, 8.84749, -0.117006, -0.0990055, -0.135007, -0.072004, 1, 0.012, 0.013, 0.013, 0.013, 0.011, 0.017, 0.013, 0.011, 0.015, 0.008, 4, 0.0277762, 
3, 56, 14, 0, 0, 0, 0, 1, 0, 0, 0, 0, 0, 1, -0.0580668, -0.0725836, -0.0725836, -0.0580668, 14.4441, -0.0580668, -0.0725836, -0.101617, -0.0725836, -0.0580668, 1, 0.004, 0.005, 0.005, 0.004, 0.005, 0.004, 0.005, 0.007, 0.005, 0.004, 1, 0.0688861, 
2, 56, 16, 0, 0, 0, 0, 0, 0, 0, 0, 1, 0, 1, -0.334994, -0.30978, -0.288167, -0.298973, -0.25935, -0.295371, -0.25935, -0.270157, 3.34994, -0.302575, 1, 0.093, 0.086, 0.08, 0.083, 0.072, 0.082, 0.072, 0.075, 0.07, 0.084, 7, 0.0396595, 
3, 58, 2, 0, 0, 0, 0, 2, 0, 0, 0, 0, 0, 1, -0.450248, -0.536834, -0.467565, -0.474987, 4.56928, -0.442826, -0.361188, -0.378505, -0.378505, -0.378505, 1, 0.182, 0.217, 0.189, 0.192, 0.153, 0.179, 0.146, 0.153, 0.153, 0.153, 50, 0.00808443, 
3, 58, 15, 0, 0, 2, 0, 0, 0, 1, 0, 0, 0, 1, -0.476817, -0.434621, 3.73647, -0.428291, -0.55277, -0.525343, 1.67941, -0.470488, -0.521123, -0.573868, 1, 0.226, 0.206, 0.229, 0.203, 0.262, 0.249, 0.204, 0.223, 0.247, 0.272, 53, 0.00894295, 
2, 58, 17, 2, 0, 2, 0, 2, 0, 0, 0, 1, 3, 1, 2.56345, -0.553239, 2.51944, -0.653828, 2.455, -0.645969, -0.685262, -0.661686, 0.889583, 4.0157, 1, 0.369, 0.352, 0.397, 0.416, 0.438, 0.411, 0.436, 0.421, 0.434, 0.445, 53, 0.0120048, 
1, 58, 22, 1, 0, 0, 0, 0, 0, 1, 0, 0, 0, 1, 5.03148, -0.156096, -0.182112, -0.156096, -0.223737, -0.218534, 5.0523, -0.145689, -0.338207, -0.218534, 1, 0.033, 0.03, 0.035, 0.03, 0.043, 0.042, 0.029, 0.028, 0.065, 0.042, 20, 0.00960949, 
2, 58, 28, 0, 0, 0, 0, 0, 0, 0, 0, 1, 0, 1, -0.237774, -0.226628, -0.24892, -0.312078, -0.278641, -0.252635, -0.297218, -0.282357, 3.36227, -0.312078, 1, 0.064, 0.061, 0.067, 0.084, 0.075, 0.068, 0.08, 0.076, 0.095, 0.084, 43, 0.00625961, 
3, 58, 29, 1, 0, 0, 0, 0, 0, 0, 0, 0, 0, 1, 10.1536, -0.123198, -0.102665, -0.133465, -0.112932, -0.0718656, -0.0923986, -0.0821321, -0.0410661, -0.133465, 1, 0.011, 0.012, 0.01, 0.013, 0.011, 0.007, 0.009, 0.008, 0.004, 0.013, 25, 0.00389616, 
1, 58, 34, 1, 0, 0, 0, 0, 0, 0, 0, 0, 1, 1, 4.00518, -0.231392, -0.180906, -0.252428, -0.260842, -0.239806, -0.231392, -0.298706, -0.30712, 3.95891, 1, 0.048, 0.055, 0.043, 0.06, 0.062, 0.057, 0.055, 0.071, 0.073, 0.059, 29, 0.00819627, 
3, 58, 43, 0, 1, 0, 0, 0, 0, 0, 0, 0, 0, 1, -0.209151, 5.12152, -0.219877, -0.209151, -0.182337, -0.123346, -0.166248, -0.1877, -0.182337, -0.182337, 1, 0.039, 0.045, 0.041, 0.039, 0.034, 0.023, 0.031, 0.035, 0.034, 0.034, 30, 0.0062156, 
2, 58, 47, 0, 0, 0, 0, 0, 0, 1, 0, 0, 0, 1, -0.188914, -0.240078, -0.232207, -0.267628, -0.208593, -0.24795, 3.64053, -0.2755, -0.334535, -0.314857, 1, 0.048, 0.061, 0.059, 0.068, 0.053, 0.063, 0.075, 0.07, 0.085, 0.08, 40, 0.00635209, 
2, 58, 50, 0, 0, 0, 0, 0, 0, 0, 0, 1, 0, 1, -0.254491, -0.226214, -0.169661, -0.188512, -0.197937, -0.20265, -0.268629, -0.197937, 4.50072, -0.249778, 1, 0.054, 0.048, 0.036, 0.04, 0.042, 0.043, 0.057, 0.042, 0.045, 0.053, 21, 0.0101042, 
1, 59, 4, 0, 0, 1, 0, 0, 0, 1, 0, 0, 0, 1, -0.185701, -0.162488, 5.62906, -0.208914, -0.191504, -0.150882, 5.61165, -0.168291, -0.145079, -0.191504, 1, 0.032, 0.028, 0.03, 0.036, 0.033, 0.026, 0.033, 0.029, 0.025, 0.033, 25, 0.0068928, 
2, 59, 10, 0, 0, 0, 0, 0, 0, 0, 0, 1, 0, 1, -0.294592, -0.315338, -0.298741, -0.30289, -0.236503, -0.269697, -0.174266, -0.219907, 3.97491, -0.165967, 1, 0.071, 0.076, 0.072, 0.073, 0.057, 0.065, 0.042, 0.053, 0.042, 0.04, 70, 0.00344302, 
2, 59, 31, 0, 0, 0, 0, 0, 0, 2, 0, 0, 0, 1, -0.381031, -0.284945, -0.308138, -0.288258, -0.357838, -0.377718, 6.29198, -0.361151, -0.311451, -0.275005, 1, 0.115, 0.086, 0.093, 0.087, 0.108, 0.114, 0.101, 0.109, 0.094, 0.083, 50, 0.00603626, 
3, 59, 34, 0, 0, 1, 0, 0, 0, 0, 0, 0, 0, 1, -0.259827, -0.278386, 3.44828, -0.28581, -0.296945, -0.304369, -0.300657, -0.233844, -0.282098, -0.256115, 1, 0.07, 0.075, 0.071, 0.077, 0.08, 0.082, 0.081, 0.063, 0.076, 0.069, 77, 0.00349883, 
3, 59, 35, 0, 0, 0, 0, 1, 0, 0, 0, 0, 0, 1, -0.196951, -0.186009, -0.186009, -0.202421, 5.31219, -0.235247, -0.196951, -0.186009, -0.196951, -0.153184, 1, 0.036, 0.034, 0.034, 0.037, 0.029, 0.043, 0.036, 0.034, 0.036, 0.028, 24, 0.00761612, 
3, 59, 38, 2, 0, 1, 1, 0, 1, 1, 0, 1, 0, 1, 3.44636, -0.477831, 1.47929, 1.48128, -0.497741, 1.53702, 1.50119, -0.493759, 1.56092, -0.533578, 1, 0.269, 0.24, 0.257, 0.256, 0.25, 0.228, 0.246, 0.248, 0.216, 0.268, 151, 0.00332629, 
2, 59, 48, 1, 0, 0, 0, 0, 0, 2, 1, 1, 0, 1, 2.14966, -0.383031, -0.40127, -0.406482, -0.398665, -0.416904, 4.81785, 2.23044, 2.23825, -0.390848, 1, 0.175, 0.147, 0.154, 0.156, 0.153, 0.16, 0.151, 0.144, 0.141, 0.15, 141, 0.00272185, 
2, 60, 4, 0, 0, 0, 0, 0, 1, 0, 0, 0, 0, 1, -0.355977, -0.242211, -0.315608, -0.385336, -0.304599, 3.44967, -0.27157, -0.2679, -0.249551, -0.26423, 1, 0.097, 0.066, 0.086, 0.105, 0.083, 0.06, 0.074, 0.073, 0.068, 0.072, 58, 0.0046981, 
3, 60, 7, 0, 0, 0, 1, 1, 0, 0, 0, 0, 0, 1, -0.142877, -0.157165, -0.16669, 4.50064, 4.55779, -0.200028, -0.29528, -0.242892, -0.252417, -0.209553, 1, 0.03, 0.033, 0.035, 0.055, 0.043, 0.042, 0.062, 0.051, 0.053, 0.044, 85, 0.00247024, 
2, 60, 11, 0, 0, 0, 0, 1, 0, 0, 2, 0, 0, 1, -0.45337, -0.489737, -0.506708, -0.45337, 1.99531, -0.370939, -0.47519, 4.47309, -0.397608, -0.446097, 1, 0.187, 0.202, 0.209, 0.187, 0.177, 0.153, 0.196, 0.155, 0.164, 0.184, 111, 0.00371592, 
2, 60, 17, 3, 5, 5, 4, 2, 1, 7, 3, 10, 3, 1, -0.266013, 0.864269, 0.840733, 0.357968, -0.839091, -1.31638, 1.97047, -0.227151, 3.58406, -0.249593, 1, 3.486, 3.421, 3.464, 3.346, 3.533, 3.405, 3.4, 3.415, 3.452, 3.456, 525, 0.00347996, 
3, 60, 31, 0, 0, 0, 0, 1, 0, 0, 0, 0, 0, 1, -0.35525, -0.26999, -0.252228, -0.31262, 3.33935, -0.291305, -0.266438, -0.238018, -0.273543, -0.216703, 1, 0.1, 0.076, 0.071, 0.088, 0.06, 0.082, 0.075, 0.067, 0.077, 0.061, 157, 0.00179294, 
3, 60, 43, 0, 1, 0, 0, 6, 0, 1, 1, 1, 2, 1, -0.882181, 0.156905, -0.90632, -0.930459, 5.7243, -0.94582, 0.211767, 0.231518, 0.233712, 1.28267, 1, 0.804, 0.857, 0.826, 0.848, 0.783, 0.862, 0.807, 0.789, 0.787, 0.831, 350, 0.00260394, 
3, 61, 4, 0, 0, 0, 1, 0, 0, 0, 0, 0, 0, 1, -0.157635, -0.182524, -0.149338, 8.18871, -0.141042, -0.116152, -0.0746691, -0.0912622, -0.0912622, -0.132745, 1, 0.019, 0.022, 0.018, 0.013, 0.017, 0.014, 0.009, 0.011, 0.011, 0.016, 22, 0.00547872, 
2, 61, 23, 0, 0, 0, 0, 0, 0, 0, 1, 0, 0, 1, -0.131503, -0.169075, -0.187861, -0.125241, -0.144027, -0.131503, -0.156551, 6.09923, -0.150289, -0.281792, 1, 0.021, 0.027, 0.03, 0.02, 0.023, 0.021, 0.025, 0.026, 0.024, 0.045, 28, 0.0057033, 
3, 61, 25, 0, 2, 0, 0, 0, 1, 0, 1, 0, 0, 1, -0.491473, 3.46794, -0.580293, -0.42239, -0.519106, 1.41718, -0.513184, 1.42113, -0.59411, -0.55266, 1, 0.249, 0.243, 0.294, 0.214, 0.263, 0.282, 0.26, 0.28, 0.301, 0.28, 138, 0.00367131, 
3, 61, 40, 0, 0, 0, 0, 1, 0, 0, 0, 0, 0, 1, -0.256243, -0.23222, -0.240228, -0.284269, 3.6955, -0.23222, -0.272258, -0.248235, -0.224212, -0.252239, 1, 0.064, 0.058, 0.06, 0.071, 0.077, 0.058, 0.068, 0.062, 0.056, 0.063, 81, 0.0030835, 
3, 62, 8, 0, 0, 1, 0, 0, 0, 0, 0, 0, 0, 1, -0.162673, -0.168482, 5.6703, -0.168482, -0.261438, -0.180102, -0.180102, -0.203341, -0.156863, -0.145243, 1, 0.028, 0.029, 0.024, 0.029, 0.045, 0.031, 0.031, 0.035, 0.027, 0.025, 6, 0.0286875, 
3, 62, 13, 0, 0, 0, 0, 1, 0, 0, 0, 0, 0, 1, -0.24496, -0.192469, -0.258083, -0.27558, 4.1512, -0.271206, -0.253709, -0.196843, -0.240586, -0.271206, 1, 0.056, 0.044, 0.059, 0.063, 0.051, 0.062, 0.058, 0.045, 0.055, 0.062, 6, 0.0381014, 
3, 62, 19, 1, 0, 0, 0, 0, 0, 0, 0, 0, 0, 1, 6.25553, -0.275602, -0.185871, -0.153825, -0.0961404, -0.147415, -0.230737, -0.166643, -0.121778, -0.108959, 1, 0.024, 0.043, 0.029, 0.024, 0.015, 0.023, 0.036, 0.026, 0.019, 0.017, 8, 0.0195027, 
2, 63, 19, 1, 1, 0, 0, 2, 1, 1, 4, 1, 0, 1, 0.16954, 0.181729, -0.998403, -0.936349, 1.26324, 0.144054, 0.157351, 3.50161, 0.200567, -0.889809, 1, 0.847, 0.836, 0.901, 0.845, 0.86, 0.87, 0.858, 0.84, 0.819, 0.803, 212, 0.0042568, 
2, 63, 24, 1, 0, 1, 0, 0, 0, 3, 0, 1, 0, 1, 1.20057, -0.606567, 1.17904, -0.558114, -0.599389, -0.606567, 4.77717, -0.491714, 1.19339, -0.55273, 1, 0.331, 0.338, 0.343, 0.311, 0.334, 0.338, 0.338, 0.274, 0.335, 0.308, 143, 0.00389674, 
3, 63, 25, 0, 0, 0, 2, 0, 0, 0, 0, 0, 0, 1, -0.397483, -0.480197, -0.422757, 4.2, -0.477899, -0.44803, -0.413566, -0.411269, -0.457221, -0.44803, 1, 0.173, 0.209, 0.184, 0.172, 0.208, 0.195, 0.18, 0.179, 0.199, 0.195, 135, 0.00322399, 
2, 63, 28, 2, 0, 1, 1, 0, 1, 0, 4, 0, 0, 1, 1.49204, -0.825207, 0.377475, 0.348897, -0.833542, 0.278641, -0.901416, 3.90455, -0.885936, -0.884745, 1, 0.747, 0.693, 0.683, 0.707, 0.7, 0.766, 0.757, 0.721, 0.744, 0.743, 189, 0.00444333, 
3, 63, 29, 0, 0, 1, 0, 0, 0, 0, 0, 0, 0, 1, -0.218621, -0.228558, 4.78481, -0.243464, -0.208683, -0.218621, -0.203715, -0.198746, -0.178871, -0.168934, 1, 0.044, 0.046, 0.037, 0.049, 0.042, 0.044, 0.041, 0.04, 0.036, 0.034, 86, 0.00234026, 
1, 63, 30, 1, 0, 0, 0, 0, 1, 0, 1, 0, 0, 1, 3.92321, -0.199485, -0.174549, -0.290916, -0.216109, 3.8484, -0.26598, 3.84424, -0.253512, -0.270136, 1, 0.056, 0.048, 0.042, 0.07, 0.052, 0.074, 0.064, 0.075, 0.061, 0.065, 78, 0.00308487, 
3, 63, 31, 0, 0, 1, 0, 0, 0, 0, 0, 0, 0, 1, -0.178468, -0.188382, 4.82358, -0.237957, -0.247872, -0.203255, -0.267701, -0.232999, -0.19334, -0.208212, 1, 0.036, 0.038, 0.027, 0.048, 0.05, 0.041, 0.054, 0.047, 0.039, 0.042, 82, 0.00245997, 
2, 63, 36, 0, 0, 0, 0, 0, 0, 1, 0, 0, 0, 1, -0.22571, -0.281148, -0.22571, -0.24551, -0.257389, -0.23759, 3.65493, -0.281148, -0.217791, -0.316787, 1, 0.057, 0.071, 0.057, 0.062, 0.065, 0.06, 0.077, 0.071, 0.055, 0.08, 46, 0.00548991, 
2, 64, 4, 0, 0, 0, 0, 0, 0, 0, 1, 0, 0, 1, -0.0759465, -0.132906, -0.0569599, -0.0949331, -0.0379733, -0.0949331, -0.0189866, 18.9676, -0.0379733, -0.0189866, 1, 0.004, 0.007, 0.003, 0.005, 0.002, 0.005, 0.001, 0.001, 0.002, 0.001, 2, 0.0263343, 
3, 64, 27, 0, 1, 0, 0, 0, 0, 0, 0, 0, 0, 1, -0.267249, 4.85083, -0.231952, -0.272292, -0.18657, -0.171443, -0.18657, -0.216825, -0.166401, -0.191613, 1, 0.053, 0.038, 0.046, 0.054, 0.037, 0.034, 0.037, 0.043, 0.033, 0.038, 2, 0.0991583, 
2, 64, 28, 0, 0, 0, 0, 0, 0, 0, 0, 0, 1, 1, -0.0630929, -0.113567, -0.0252372, -0.100949, -0.0757115, -0.100949, -0.0630929, -0.138804, -0.100949, 12.5681, 1, 0.005, 0.009, 0.002, 0.008, 0.006, 0.008, 0.005, 0.011, 0.008, 0.004, 2, 0.0396241, 
