2, 1, 8, 0, 0, 0, 0, 0, 0, 0, 1, 0, 0, 1, -0.117868, -0.108801, -0.154135, -0.0725343, -0.163202, -0.172269, -0.0906679, 8.99426, -0.0997347, -0.0906679, 1, 0.013, 0.012, 0.017, 0.008, 0.018, 0.019, 0.01, 0.008, 0.011, 0.01, 4, 0.0275732, 
3, 1, 12, 0, 0, 0, 1, 0, 0, 0, 0, 0, 0, 1, -0.331622, -0.312992, -0.272005, 3.44664, -0.335349, -0.253374, -0.283183, -0.234744, -0.21984, -0.249648, 1, 0.089, 0.084, 0.073, 0.075, 0.09, 0.068, 0.076, 0.063, 0.059, 0.067, 5, 0.0536755, 
3, 1, 28, 0, 0, 0, 1, 1, 0, 0, 0, 0, 0, 1, -0.194244, -0.138745, -0.155395, 5.39442, 5.28897, -0.194244, -0.177594, -0.227542, -0.216443, -0.160945, 1, 0.035, 0.025, 0.028, 0.028, 0.047, 0.035, 0.032, 0.041, 0.039, 0.029, 4, 0.0450465, 
3, 2, 20, 1, 3, 0, 0, 1, 1, 0, 0, 1, 1, 1, 0.571358, 3.23634, -0.87257, -0.778019, 0.53759, 0.532187, -0.745602, -0.764512, 0.607828, 0.509224, 1, 0.577, 0.604, 0.646, 0.576, 0.602, 0.606, 0.552, 0.566, 0.55, 0.623, 130, 0.00569493, 
2, 2, 21, 3, 2, 3, 6, 2, 2, 8, 4, 0, 5, 1, 0.344384, -0.258935, 0.326905, 2.29481, -0.354094, -0.262819, 3.57266, 0.973596, -1.65654, 1.61446, 1, 2.468, 2.4, 2.495, 2.455, 2.547, 2.406, 2.481, 2.496, 2.559, 2.506, 186, 0.00830532, 
3, 2, 29, 0, 0, 0, 0, 1, 0, 0, 0, 0, 0, 1, -0.276706, -0.243939, -0.283988, -0.280347, 3.33504, -0.313115, -0.309474, -0.273066, -0.313115, -0.276706, 1, 0.076, 0.067, 0.078, 0.077, 0.084, 0.086, 0.085, 0.075, 0.086, 0.076, 49, 0.00560529, 
1, 2, 30, 0, 0, 0, 0, 1, 0, 0, 0, 1, 0, 1, -0.192935, -0.166863, -0.219007, -0.146005, 5.04238, -0.19815, -0.177292, -0.187721, 5.03717, -0.265938, 1, 0.037, 0.032, 0.042, 0.028, 0.033, 0.038, 0.034, 0.036, 0.034, 0.051, 59, 0.00325041, 
2, 2, 32, 1, 1, 0, 0, 2, 3, 0, 0, 2, 0, 1, 0.83554, 0.821793, -0.655296, -0.70723, 2.35082, 3.89664, -0.644603, -0.734725, 2.38748, -0.681263, 1, 0.453, 0.462, 0.429, 0.463, 0.461, 0.449, 0.422, 0.481, 0.437, 0.446, 136, 0.00481372, 
1, 2, 34, 1, 0, 0, 0, 0, 0, 1, 0, 0, 0, 1, 3.36106, -0.298361, -0.280388, -0.280388, -0.323524, -0.31274, 3.30714, -0.233656, -0.330714, -0.305551, 1, 0.065, 0.083, 0.078, 0.078, 0.09, 0.087, 0.08, 0.065, 0.092, 0.085, 69, 0.00403168, 
2, 2, 47, 0, 0, 0, 1, 0, 2, 0, 0, 0, 0, 1, -0.373608, -0.426981, -0.37615, 2.1654, -0.432064, 4.69425, -0.421898, -0.393941, -0.449855, -0.388858, 1, 0.147, 0.168, 0.148, 0.148, 0.17, 0.153, 0.166, 0.155, 0.177, 0.153, 140, 0.00281043, 
3, 2, 49, 1, 2, 8, 2, 2, 0, 1, 5, 1, 3, 1, -0.868862, -0.237252, 3.61093, -0.243612, -0.318032, -1.54245, -0.98399, 1.56472, -0.968724, 0.273507, 1, 2.366, 2.373, 2.323, 2.383, 2.5, 2.425, 2.547, 2.54, 2.523, 2.57, 186, 0.00845253, 
3, 2, 50, 2, 1, 1, 0, 0, 0, 0, 0, 0, 0, 1, 6.07715, 2.93708, 2.93073, -0.333038, -0.269602, -0.202994, -0.304492, -0.326694, -0.272774, -0.260087, 1, 0.084, 0.074, 0.076, 0.105, 0.085, 0.064, 0.096, 0.103, 0.086, 0.082, 40, 0.00788199, 
3, 3, 10, 0, 1, 0, 0, 0, 0, 0, 0, 0, 0, 1, -0.171299, 5.18716, -0.165946, -0.176652, -0.208771, -0.22483, -0.219477, -0.160593, -0.219477, -0.198065, 1, 0.032, 0.031, 0.031, 0.033, 0.039, 0.042, 0.041, 0.03, 0.041, 0.037, 39, 0.00478994, 
2, 3, 44, 0, 0, 0, 0, 0, 0, 1, 0, 0, 0, 1, -0.206962, -0.197963, -0.202463, -0.256453, -0.274449, -0.224958, 4.29221, -0.256453, -0.233957, -0.229458, 1, 0.046, 0.044, 0.045, 0.057, 0.061, 0.05, 0.046, 0.057, 0.052, 0.051, 25, 0.00889053, 
2, 3, 50, 0, 0, 0, 0, 0, 0, 0, 0, 0, 1, 1, -0.238145, -0.238145, -0.265473, -0.257665, -0.257665, -0.265473, -0.261569, -0.308417, -0.277185, 3.65026, 1, 0.061, 0.061, 0.068, 0.066, 0.066, 0.068, 0.067, 0.079, 0.071, 0.065, 29, 0.00883263, 
2, 4, 3, 0, 0, 0, 0, 0, 0, 0, 1, 0, 0, 1, -0.10153, -0.10153, -0.15691, -0.0922998, -0.10153, -0.14768, -0.10153, 9.10076, -0.0922998, -0.0830698, 1, 0.011, 0.011, 0.017, 0.01, 0.011, 0.016, 0.011, 0.014, 0.01, 0.009, 1, 0.108343, 
2, 4, 16, 0, 0, 0, 0, 0, 1, 0, 0, 0, 0, 1, -0.0442845, -0.0664268, -0.0221423, -0.0885691, -0.0885691, 22.1201, -0.0442845, -0.0664268, -0.0221423, -0.0221423, 1, 0.002, 0.003, 0.001, 0.004, 0.004, 0.001, 0.002, 0.003, 0.001, 0.001, 1, 0.0451625, 
3, 4, 17, 0, 1, 0, 0, 0, 0, 0, 0, 0, 0, 1, -0.0922355, 8.27604, -0.100621, -0.0419252, -0.167701, -0.134161, -0.125776, -0.159316, -0.192856, -0.125776, 1, 0.011, 0.013, 0.012, 0.005, 0.02, 0.016, 0.015, 0.019, 0.023, 0.015, 1, 0.11926, 
3, 4, 18, 0, 0, 1, 0, 0, 0, 0, 0, 0, 0, 1, -0.159597, -0.0982135, 12.1662, -0.0736601, -0.0982135, -0.0736601, -0.11049, -0.0613834, -0.0736601, -0.0122767, 1, 0.013, 0.008, 0.009, 0.006, 0.008, 0.006, 0.009, 0.005, 0.006, 0.001, 1, 0.0814552, 
1, 5, 6, 0, 0, 1, 1, 0, 0, 0, 1, 0, 0, 1, -0.294701, -0.325319, 3.55172, 3.5632, -0.233464, -0.271737, -0.256428, 3.62061, -0.290873, -0.264082, 1, 0.077, 0.085, 0.072, 0.069, 0.061, 0.071, 0.067, 0.054, 0.076, 0.069, 48, 0.00544338, 
3, 5, 13, 0, 1, 0, 0, 0, 0, 0, 0, 0, 0, 1, -0.283738, 3.99351, -0.21598, -0.309147, -0.21598, -0.22445, -0.22445, -0.279503, -0.22445, -0.254094, 1, 0.067, 0.057, 0.051, 0.073, 0.051, 0.053, 0.053, 0.066, 0.053, 0.06, 32, 0.00737916, 
1, 5, 20, 2, 0, 0, 0, 0, 1, 2, 0, 0, 1, 1, 3.86788, -0.399836, -0.399836, -0.397731, -0.431402, 1.64564, 3.6848, -0.502951, -0.446132, 1.5783, 1, 0.162, 0.19, 0.19, 0.189, 0.205, 0.218, 0.249, 0.239, 0.212, 0.25, 55, 0.00863992, 
2, 5, 26, 0, 0, 0, 0, 0, 0, 1, 0, 0, 0, 1, -0.137336, -0.153493, -0.0727072, -0.105022, -0.096943, -0.105022, 7.9574, -0.161572, -0.161572, -0.161572, 1, 0.017, 0.019, 0.009, 0.013, 0.012, 0.013, 0.015, 0.02, 0.02, 0.02, 11, 0.0112531, 
1, 5, 33, 0, 0, 0, 1, 0, 0, 0, 0, 1, 0, 1, -0.147398, -0.120598, -0.140698, 6.61281, -0.147398, -0.180898, -0.140698, -0.140698, 6.49221, -0.227797, 1, 0.022, 0.018, 0.021, 0.013, 0.022, 0.027, 0.021, 0.021, 0.031, 0.034, 55, 0.00271374, 
2, 5, 34, 1, 0, 0, 0, 0, 2, 0, 0, 0, 0, 1, 2.18318, -0.417562, -0.404675, -0.342813, -0.479423, 4.75815, -0.456225, -0.376322, -0.43045, -0.40983, 1, 0.153, 0.162, 0.157, 0.133, 0.186, 0.154, 0.177, 0.146, 0.167, 0.159, 41, 0.00946259, 
3, 5, 36, 1, 0, 0, 0, 0, 0, 0, 0, 0, 0, 1, 9.39542, -0.0948075, -0.180134, -0.142211, -0.0948075, -0.104288, -0.0568845, -0.199096, -0.0853267, -0.0663652, 1, 0.009, 0.01, 0.019, 0.015, 0.01, 0.011, 0.006, 0.021, 0.009, 0.007, 15, 0.00703179, 
2, 5, 43, 0, 1, 0, 0, 1, 1, 2, 1, 0, 0, 1, -0.461348, 1.66598, -0.499793, -0.472027, 1.68734, 1.64675, 3.75913, 1.67666, -0.472027, -0.467755, 1, 0.216, 0.22, 0.234, 0.221, 0.21, 0.229, 0.24, 0.215, 0.221, 0.219, 62, 0.00755151, 
3, 5, 45, 0, 0, 1, 0, 0, 0, 0, 0, 0, 0, 1, -0.32778, -0.241522, 4.06705, -0.280338, -0.245835, -0.22427, -0.207019, -0.198393, -0.232896, -0.211332, 1, 0.076, 0.056, 0.057, 0.065, 0.057, 0.052, 0.048, 0.046, 0.054, 0.049, 57, 0.00406777, 
3, 5, 47, 1, 0, 0, 0, 0, 0, 0, 0, 0, 0, 1, 4.46126, -0.22002, -0.173207, -0.196614, -0.271514, -0.210658, -0.266833, -0.234064, -0.22002, -0.238745, 1, 0.047, 0.047, 0.037, 0.042, 0.058, 0.045, 0.057, 0.05, 0.047, 0.051, 76, 0.00281075, 
1, 5, 50, 0, 1, 0, 0, 0, 0, 1, 0, 0, 0, 1, -0.250727, 3.79326, -0.274991, -0.214331, -0.315431, -0.262859, 3.83774, -0.303299, -0.226463, -0.279035, 1, 0.062, 0.062, 0.068, 0.053, 0.078, 0.065, 0.051, 0.075, 0.056, 0.069, 29, 0.00852693, 
3, 6, 5, 1, 0, 0, 0, 0, 0, 0, 0, 0, 0, 1, 5.47336, -0.112159, -0.151415, -0.185062, -0.179455, -0.19067, -0.196278, -0.291614, -0.257966, -0.179455, 1, 0.024, 0.02, 0.027, 0.033, 0.032, 0.034, 0.035, 0.052, 0.046, 0.032, 4, 0.0445795, 
2, 6, 16, 0, 0, 0, 0, 0, 0, 0, 0, 0, 1, 1, -0.2148, -0.13425, -0.12888, -0.19332, -0.19869, -0.1611, -0.22017, -0.2148, -0.24702, 5.15519, 1, 0.04, 0.025, 0.024, 0.036, 0.037, 0.03, 0.041, 0.04, 0.046, 0.04, 11, 0.0169291, 
1, 6, 17, 0, 0, 0, 0, 1, 1, 0, 0, 1, 0, 1, -0.172505, -0.168297, -0.168297, -0.227201, 3.97182, 4.00548, -0.281898, -0.286105, 3.89608, -0.269276, 1, 0.041, 0.04, 0.04, 0.054, 0.056, 0.048, 0.067, 0.068, 0.074, 0.064, 10, 0.0237675, 
2, 6, 18, 0, 0, 0, 0, 0, 0, 1, 0, 0, 0, 1, -0.291334, -0.35242, -0.26314, -0.230248, -0.197355, -0.26314, 4.50628, -0.136269, -0.150366, -0.145667, 1, 0.062, 0.075, 0.056, 0.049, 0.042, 0.056, 0.041, 0.029, 0.032, 0.031, 11, 0.0193468, 
2, 6, 20, 0, 0, 0, 0, 0, 0, 0, 1, 0, 0, 1, -0.036971, -0.120156, -0.147884, -0.0646992, -0.0831847, -0.20334, -0.110913, 9.14107, -0.110913, -0.166369, 1, 0.004, 0.013, 0.016, 0.007, 0.009, 0.022, 0.012, 0.011, 0.012, 0.018, 6, 0.0180322, 
3, 6, 24, 0, 0, 0, 0, 1, 0, 0, 0, 0, 0, 1, -0.188312, -0.155845, -0.155845, -0.181819, 6.38314, -0.142858, -0.116883, -0.188312, -0.194806, -0.155845, 1, 0.029, 0.024, 0.024, 0.028, 0.017, 0.022, 0.018, 0.029, 0.03, 0.024, 5, 0.0307999, 
2, 6, 44, 0, 0, 0, 0, 0, 0, 1, 0, 0, 0, 1, -0.120513, -0.151951, -0.18339, -0.214828, -0.225307, -0.220068, 5.02488, -0.220068, -0.209588, -0.241026, 1, 0.023, 0.029, 0.035, 0.041, 0.043, 0.042, 0.041, 0.042, 0.04, 0.046, 10, 0.019085, 
2, 6, 50, 0, 0, 0, 0, 0, 0, 0, 0, 0, 1, 1, -0.138479, -0.152327, -0.152327, -0.0969353, -0.145403, -0.152327, -0.159251, -0.159251, -0.173099, 6.77163, 1, 0.02, 0.022, 0.022, 0.014, 0.021, 0.022, 0.023, 0.023, 0.025, 0.022, 11, 0.0131297, 
3, 7, 2, 0, 2, 0, 1, 0, 0, 0, 0, 1, 0, 1, -0.425059, 4.84462, -0.422419, 2.19658, -0.401298, -0.369617, -0.390738, -0.314174, 2.2705, -0.385457, 1, 0.161, 0.165, 0.16, 0.168, 0.152, 0.14, 0.148, 0.119, 0.14, 0.146, 46, 0.00823415, 
2, 7, 6, 0, 0, 0, 0, 0, 0, 0, 0, 1, 0, 1, -0.215935, -0.143957, -0.143957, -0.196304, -0.183217, -0.157043, -0.163587, -0.111239, 6.41261, -0.0981522, 1, 0.033, 0.022, 0.022, 0.03, 0.028, 0.024, 0.025, 0.017, 0.02, 0.015, 21, 0.00727733, 
2, 7, 16, 0, 0, 0, 1, 0, 0, 4, 0, 0, 0, 1, -0.957697, -0.936539, -0.914267, 0.154791, -0.93988, -0.908699, 3.49782, -0.938766, -0.953243, -0.956584, 1, 0.86, 0.841, 0.821, 0.861, 0.844, 0.816, 0.859, 0.843, 0.856, 0.859, 46, 0.0195215, 
2, 7, 22, 0, 0, 0, 0, 0, 0, 0, 0, 1, 0, 1, -0.247169, -0.225101, -0.198618, -0.286893, -0.278066, -0.238342, -0.172136, -0.180963, 4.21512, -0.247169, 1, 0.056, 0.051, 0.045, 0.065, 0.063, 0.054, 0.039, 0.041, 0.045, 0.056, 24, 0.00944022, 
3, 7, 30, 0, 0, 1, 0, 0, 0, 0, 0, 0, 0, 1, -0.264488, -0.23615, 4.43962, -0.198366, -0.245596, -0.28338, -0.170028, -0.212535, -0.160582, -0.18892, 1, 0.056, 0.05, 0.06, 0.042, 0.052, 0.06, 0.036, 0.045, 0.034, 0.04, 20, 0.0105865, 
2, 7, 35, 0, 0, 0, 0, 0, 0, 0, 0, 0, 1, 1, -0.144897, -0.187159, -0.132822, -0.205271, -0.150935, -0.144897, -0.163009, -0.211308, -0.205271, 5.86834, 1, 0.024, 0.031, 0.022, 0.034, 0.025, 0.024, 0.027, 0.035, 0.034, 0.028, 3, 0.0552115, 
3, 7, 37, 6, 1, 3, 0, 2, 2, 1, 2, 0, 2, 1, 3.83454, -0.350437, 1.27255, -1.243, 0.520167, 0.447546, -0.385903, 0.440791, -1.25904, 0.448391, 1, 1.459, 1.415, 1.493, 1.472, 1.384, 1.47, 1.457, 1.478, 1.491, 1.469, 46, 0.0257442, 
2, 7, 45, 0, 0, 0, 0, 0, 0, 0, 0, 1, 0, 1, -0.220234, -0.234597, -0.234597, -0.225022, -0.220234, -0.210659, -0.215447, -0.210659, 4.59141, -0.153206, 1, 0.046, 0.049, 0.049, 0.047, 0.046, 0.044, 0.045, 0.044, 0.041, 0.032, 25, 0.00835474, 
3, 7, 46, 0, 1, 0, 0, 0, 0, 0, 0, 0, 0, 1, -0.167262, 7.09773, -0.196351, -0.152718, -0.116356, -0.152718, -0.109084, -0.109084, -0.101812, -0.138173, 1, 0.023, 0.024, 0.027, 0.021, 0.016, 0.021, 0.015, 0.015, 0.014, 0.019, 27, 0.00509291, 
2, 8, 3, 0, 1, 0, 0, 0, 0, 1, 2, 0, 0, 1, -0.496005, 1.41524, -0.541967, -0.47877, -0.484515, -0.563033, 1.34056, 3.25755, -0.507496, -0.530477, 1, 0.259, 0.261, 0.283, 0.25, 0.253, 0.294, 0.3, 0.299, 0.265, 0.277, 59, 0.00885037, 
3, 8, 20, 2, 0, 0, 0, 0, 1, 0, 0, 1, 1, 1, 3.85609, -0.483342, -0.438628, -0.468437, -0.455662, 1.61398, -0.502505, -0.457791, 1.59056, 1.6225, 1, 0.189, 0.227, 0.206, 0.22, 0.214, 0.242, 0.236, 0.215, 0.253, 0.238, 45, 0.0104366, 
3, 8, 24, 0, 0, 1, 1, 0, 0, 0, 0, 0, 0, 1, -0.285213, -0.349386, 3.28352, 3.30134, -0.249562, -0.270952, -0.313734, -0.249562, -0.303039, -0.303039, 1, 0.08, 0.098, 0.079, 0.074, 0.07, 0.076, 0.088, 0.07, 0.085, 0.085, 43, 0.00652307, 
2, 8, 32, 0, 0, 0, 0, 0, 1, 1, 0, 0, 0, 1, -0.240388, -0.227736, -0.215084, -0.223519, -0.202432, 3.95586, 3.99803, -0.164476, -0.227736, -0.231953, 1, 0.057, 0.054, 0.051, 0.053, 0.048, 0.062, 0.052, 0.039, 0.054, 0.055, 45, 0.00526926, 
1, 8, 41, 0, 0, 1, 0, 0, 0, 0, 0, 1, 0, 1, -0.256815, -0.266154, 4.48726, -0.200783, -0.261484, -0.182105, -0.228799, -0.186775, 4.4966, -0.214791, 1, 0.055, 0.057, 0.039, 0.043, 0.056, 0.039, 0.049, 0.04, 0.037, 0.046, 47, 0.00455664, 
3, 8, 45, 0, 1, 0, 0, 0, 0, 0, 0, 0, 0, 1, -0.181429, 4.43802, -0.251209, -0.223297, -0.195385, -0.260513, -0.246557, -0.260513, -0.204689, -0.209341, 1, 0.039, 0.046, 0.054, 0.048, 0.042, 0.056, 0.053, 0.056, 0.044, 0.045, 35, 0.00614173, 
1, 8, 47, 0, 1, 0, 0, 0, 0, 0, 1, 0, 0, 1, -0.291191, 4.15055, -0.221653, -0.21296, -0.265114, -0.195576, -0.221653, 4.0984, -0.225999, -0.273806, 1, 0.067, 0.045, 0.051, 0.049, 0.061, 0.045, 0.051, 0.057, 0.052, 0.063, 58, 0.00396706, 
3, 9, 40, 0, 0, 0, 1, 0, 0, 0, 0, 0, 0, 1, -0.186595, -0.151609, -0.116622, 11.5339, -0.139947, -0.0699733, -0.0583111, -0.0466489, -0.0466489, -0.0116622, 1, 0.016, 0.013, 0.01, 0.011, 0.012, 0.006, 0.005, 0.004, 0.004, 0.001, 3, 0.0285823, 
3, 10, 9, 0, 2, 0, 0, 0, 0, 0, 0, 0, 0, 1, -0.544757, 3.97784, -0.54698, -0.491393, -0.435806, -0.460264, -0.435806, -0.458041, -0.453594, -0.518075, 1, 0.245, 0.211, 0.246, 0.221, 0.196, 0.207, 0.196, 0.206, 0.204, 0.233, 103, 0.00436643, 
2, 10, 23, 0, 0, 0, 0, 0, 0, 0, 0, 1, 0, 1, -0.231651, -0.254069, -0.269014, -0.24286, -0.24286, -0.257805, -0.310114, -0.246596, 3.42619, -0.31385, 1, 0.062, 0.068, 0.072, 0.065, 0.065, 0.069, 0.083, 0.066, 0.083, 0.084, 24, 0.0111518, 
2, 10, 31, 0, 0, 0, 0, 0, 0, 1, 0, 1, 0, 1, -0.107144, -0.107144, -0.192859, -0.128572, -0.17143, -0.078572, 7.0072, -0.0642862, 7.02148, -0.128572, 1, 0.015, 0.015, 0.027, 0.018, 0.024, 0.011, 0.019, 0.009, 0.017, 0.018, 41, 0.00341461, 
3, 10, 36, 0, 0, 0, 1, 0, 0, 0, 0, 0, 0, 1, -0.138211, -0.175905, -0.131929, 6.11271, -0.182188, -0.125647, -0.182188, -0.213599, -0.100517, -0.169623, 1, 0.022, 0.028, 0.021, 0.027, 0.029, 0.02, 0.029, 0.034, 0.016, 0.027, 30, 0.00530588, 
3, 10, 42, 1, 0, 0, 0, 0, 0, 0, 0, 0, 0, 1, 3.56043, -0.309769, -0.260053, -0.290647, -0.260053, -0.294472, -0.27535, -0.256228, -0.27535, -0.217985, 1, 0.069, 0.081, 0.068, 0.076, 0.068, 0.077, 0.072, 0.067, 0.072, 0.057, 38, 0.00688119, 
2, 10, 46, 0, 0, 0, 0, 0, 2, 1, 0, 0, 0, 1, -0.517665, -0.51977, -0.492413, -0.526083, -0.517665, 3.68468, 1.61613, -0.500831, -0.509248, -0.483996, 1, 0.246, 0.247, 0.234, 0.25, 0.246, 0.249, 0.232, 0.238, 0.242, 0.23, 94, 0.00505543, 
3, 11, 2, 0, 1, 0, 0, 0, 0, 0, 0, 0, 0, 1, -0.186345, 3.98948, -0.292223, -0.220226, -0.232932, -0.262577, -0.211756, -0.228696, -0.266812, -0.287988, 1, 0.044, 0.058, 0.069, 0.052, 0.055, 0.062, 0.05, 0.054, 0.063, 0.068, 17, 0.0138895, 
2, 11, 11, 0, 0, 0, 0, 0, 0, 1, 0, 0, 0, 1, -0.0739275, -0.10081, -0.174738, -0.154576, -0.181458, -0.120972, 6.59971, -0.188179, -0.248665, -0.20162, 1, 0.011, 0.015, 0.026, 0.023, 0.027, 0.018, 0.018, 0.028, 0.037, 0.03, 9, 0.0165327, 
3, 11, 27, 0, 0, 0, 0, 1, 0, 0, 0, 0, 0, 1, -0.150598, -0.188247, -0.144323, -0.150598, 6.1243, -0.169422, -0.131773, -0.169422, -0.169422, -0.175697, 1, 0.024, 0.03, 0.023, 0.024, 0.024, 0.027, 0.021, 0.027, 0.027, 0.028, 13, 0.0122589, 
2, 11, 46, 0, 0, 0, 0, 0, 0, 1, 1, 0, 0, 1, -0.215338, -0.138037, -0.193252, -0.226381, -0.171166, -0.176688, 5.33929, 5.32272, -0.160123, -0.209817, 1, 0.039, 0.025, 0.035, 0.041, 0.031, 0.032, 0.033, 0.036, 0.029, 0.038, 8, 0.0226388, 
3, 12, 5, 0, 1, 2, 0, 3, 0, 2, 0, 2, 0, 1, -0.818331, 0.619865, 1.88135, -0.776191, 3.28828, -0.744926, 1.95747, -0.685114, 1.98058, -0.706864, 1, 0.602, 0.544, 0.616, 0.571, 0.581, 0.548, 0.56, 0.504, 0.543, 0.52, 213, 0.00345373, 
2, 12, 7, 0, 0, 0, 0, 0, 0, 0, 0, 0, 1, 1, -0.276556, -0.272489, -0.227752, -0.300958, -0.272489, -0.215551, -0.260288, -0.296891, -0.178948, 3.84332, 1, 0.068, 0.067, 0.056, 0.074, 0.067, 0.053, 0.064, 0.073, 0.044, 0.055, 56, 0.00439074, 
3, 12, 19, 2, 6, 1, 0, 2, 4, 0, 2, 0, 0, 1, 0.770678, 4.50744, -0.227658, -1.11963, 0.682041, 2.58728, -1.10004, 0.818263, -1.08697, -1.05245, 1, 1.174, 1.169, 1.244, 1.2, 1.269, 1.227, 1.179, 1.123, 1.165, 1.128, 309, 0.00346855, 
3, 12, 30, 1, 0, 1, 0, 2, 0, 0, 0, 0, 0, 1, 3.22107, -0.37544, 3.17195, -0.305265, 6.69828, -0.301756, -0.294738, -0.273686, -0.23158, -0.207019, 1, 0.082, 0.107, 0.096, 0.087, 0.091, 0.086, 0.084, 0.078, 0.066, 0.059, 77, 0.00370128, 
2, 12, 39, 0, 0, 0, 0, 0, 0, 0, 1, 0, 0, 1, -0.219166, -0.158286, -0.17655, -0.152198, -0.164374, -0.14611, -0.164374, 5.96617, -0.20699, -0.17655, 1, 0.036, 0.026, 0.029, 0.025, 0.027, 0.024, 0.027, 0.02, 0.034, 0.029, 12, 0.0136883, 
2, 12, 41, 0, 1, 1, 0, 0, 0, 0, 0, 0, 4, 1, -0.80062, 0.511764, 0.582989, -0.754456, -0.792707, -0.716206, -0.703016, -0.701697, -0.765008, 4.48849, 1, 0.607, 0.612, 0.558, 0.572, 0.601, 0.543, 0.533, 0.532, 0.58, 0.597, 260, 0.00291601, 
1, 12, 45, 0, 1, 3, 0, 0, 0, 3, 1, 2, 0, 1, -0.645289, 0.961545, 4.07459, -0.61015, -0.54626, -0.554246, 4.19278, 0.991893, 2.5556, -0.65647, 1, 0.404, 0.398, 0.449, 0.382, 0.342, 0.347, 0.375, 0.379, 0.4, 0.411, 209, 0.00299558, 
3, 12, 46, 0, 0, 0, 1, 2, 0, 0, 0, 0, 0, 1, -0.406059, -0.509882, -0.426824, 1.88033, 4.1898, -0.42221, -0.468353, -0.466046, -0.424517, -0.55141, 1, 0.176, 0.221, 0.185, 0.185, 0.184, 0.183, 0.203, 0.202, 0.184, 0.239, 150, 0.00288956, 
3, 13, 1, 0, 0, 0, 0, 1, 0, 0, 0, 0, 0, 1, -0.0516233, -0.068831, -0.0344155, -0.0516233, 17.0873, -0.0516233, -0.0516233, -0.068831, -0.068831, -0.0344155, 1, 0.003, 0.004, 0.002, 0.003, 0.007, 0.003, 0.003, 0.004, 0.004, 0.002, 8, 0.00726417, 
3, 13, 5, 0, 0, 1, 0, 0, 0, 0, 0, 0, 0, 1, -0.172733, -0.181591, 4.2386, -0.217023, -0.1373, -0.208165, -0.18602, -0.208165, -0.155017, -0.194878, 1, 0.039, 0.041, 0.043, 0.049, 0.031, 0.047, 0.042, 0.047, 0.035, 0.044, 10, 0.0225782, 
3, 13, 21, 0, 1, 0, 0, 0, 0, 0, 0, 0, 1, 1, -0.218932, 3.35576, -0.283535, -0.236877, -0.244055, -0.323014, -0.297891, -0.355315, -0.391206, 3.20502, 1, 0.061, 0.065, 0.079, 0.066, 0.068, 0.09, 0.083, 0.099, 0.109, 0.107, 18, 0.0154792, 
3, 14, 3, 1, 2, 0, 0, 0, 0, 0, 0, 0, 0, 1, 2.68164, 5.66841, -0.299264, -0.240585, -0.252321, -0.311, -0.237651, -0.264056, -0.299264, -0.340339, 1, 0.086, 0.068, 0.102, 0.082, 0.086, 0.106, 0.081, 0.09, 0.102, 0.116, 10, 0.0340836, 
3, 14, 10, 1, 0, 0, 0, 0, 0, 0, 0, 0, 0, 1, 6.0756, -0.111821, -0.186368, -0.186368, -0.167731, -0.198792, -0.155307, -0.155307, -0.205005, -0.161519, 1, 0.022, 0.018, 0.03, 0.03, 0.027, 0.032, 0.025, 0.025, 0.033, 0.026, 10, 0.0160972, 
3, 14, 12, 0, 0, 0, 0, 2, 0, 0, 0, 1, 0, 1, -0.278908, -0.269064, -0.272346, -0.246095, 6.28692, -0.255939, -0.236252, -0.275627, 3.09424, -0.236252, 1, 0.085, 0.082, 0.083, 0.075, 0.084, 0.078, 0.072, 0.084, 0.057, 0.072, 11, 0.0277054, 
2, 14, 18, 0, 0, 0, 0, 0, 0, 0, 0, 1, 0, 1, -0.350473, -0.306203, -0.372608, -0.309892, -0.343094, -0.287757, -0.276689, -0.243486, 3.44201, -0.22873, 1, 0.095, 0.083, 0.101, 0.084, 0.093, 0.078, 0.075, 0.066, 0.067, 0.062, 11, 0.024642, 
3, 14, 19, 0, 0, 0, 0, 1, 0, 0, 0, 0, 0, 1, -0.25254, -0.147828, -0.184785, -0.172466, 5.99321, -0.190945, -0.160147, -0.166307, -0.104712, -0.141669, 1, 0.041, 0.024, 0.03, 0.028, 0.027, 0.031, 0.026, 0.027, 0.017, 0.023, 11, 0.0147591, 
3, 14, 34, 0, 0, 0, 0, 1, 0, 0, 0, 0, 0, 1, -0.111504, -0.0771951, -0.111504, -0.0943495, 8.48288, -0.171545, -0.128658, -0.111504, -0.120081, -0.180122, 1, 0.013, 0.009, 0.013, 0.011, 0.011, 0.02, 0.015, 0.013, 0.014, 0.021, 10, 0.0116588, 
3, 14, 40, 0, 0, 1, 0, 0, 0, 0, 0, 0, 0, 1, -0.114529, -0.179974, 8.06612, -0.106348, -0.147252, -0.179974, -0.163613, -0.0818065, -0.0736258, -0.106348, 1, 0.014, 0.022, 0.014, 0.013, 0.018, 0.022, 0.02, 0.01, 0.009, 0.013, 10, 0.012224, 
3, 14, 48, 0, 0, 0, 1, 0, 0, 0, 0, 0, 0, 1, -0.23009, -0.23009, -0.195228, 6.80509, -0.181283, -0.125504, -0.118531, -0.0766967, -0.132476, -0.048807, 1, 0.033, 0.033, 0.028, 0.024, 0.026, 0.018, 0.017, 0.011, 0.019, 0.007, 10, 0.0143422, 
3, 15, 3, 1, 0, 0, 0, 0, 0, 0, 0, 0, 0, 1, 5.14309, -0.188096, -0.225716, -0.193471, -0.236464, -0.171974, -0.161225, -0.198845, -0.209593, -0.107484, 1, 0.043, 0.035, 0.042, 0.036, 0.044, 0.032, 0.03, 0.037, 0.039, 0.02, 6, 0.0310125, 
3, 15, 16, 2, 0, 1, 0, 0, 1, 0, 0, 0, 0, 1, 5.85648, -0.288678, 2.77315, -0.334744, -0.310175, 2.72709, -0.319388, -0.356241, -0.350099, -0.408449, 1, 0.093, 0.094, 0.097, 0.109, 0.101, 0.112, 0.104, 0.116, 0.114, 0.133, 7, 0.0465175, 
3, 15, 17, 1, 0, 0, 0, 0, 0, 0, 0, 0, 0, 1, 4.58422, -0.295121, -0.206585, -0.196748, -0.18691, -0.152479, -0.122967, -0.181992, -0.221341, -0.211504, 1, 0.068, 0.06, 0.042, 0.04, 0.038, 0.031, 0.025, 0.037, 0.045, 0.043, 7, 0.0290437, 
1, 15, 24, 1, 0, 0, 0, 0, 0, 0, 0, 1, 0, 1, 5.11424, -0.136101, -0.120397, -0.141335, -0.162274, -0.272201, -0.209386, -0.277436, 4.9415, -0.272201, 1, 0.023, 0.026, 0.023, 0.027, 0.031, 0.052, 0.04, 0.053, 0.056, 0.052, 5, 0.038207, 
3, 15, 41, 0, 0, 0, 0, 1, 0, 0, 0, 0, 0, 1, -0.166082, -0.138401, -0.159161, -0.145321, 6.80934, -0.228362, -0.159161, -0.110721, -0.110721, -0.166082, 1, 0.024, 0.02, 0.023, 0.021, 0.016, 0.033, 0.023, 0.016, 0.016, 0.024, 6, 0.0240846, 
3, 15, 47, 0, 0, 0, 1, 0, 0, 0, 0, 0, 0, 1, -0.0644363, -0.0736414, -0.119667, 9.11313, -0.128873, -0.138078, -0.0644363, -0.156488, -0.110462, -0.184104, 1, 0.007, 0.008, 0.013, 0.01, 0.014, 0.015, 0.007, 0.017, 0.012, 0.02, 7, 0.0155192, 
3, 15, 48, 0, 1, 0, 0, 0, 0, 0, 0, 0, 0, 1, -0.238505, 5.66595, -0.14543, -0.221054, -0.122161, -0.151247, -0.180333, -0.191968, -0.162882, -0.215236, 1, 0.041, 0.026, 0.025, 0.038, 0.021, 0.026, 0.031, 0.033, 0.028, 0.037, 6, 0.0286507, 
2, 17, 6, 0, 0, 0, 0, 0, 0, 0, 0, 1, 0, 1, -0.172598, -0.110956, -0.0616423, -0.110956, -0.135613, -0.0986277, -0.0616423, -0.0616423, 12.2915, -0.0246569, 1, 0.014, 0.009, 0.005, 0.009, 0.011, 0.008, 0.005, 0.005, 0.003, 0.002, 3, 0.0270377, 
2, 17, 16, 0, 0, 0, 0, 0, 0, 0, 0, 0, 1, 1, -0.220243, -0.282576, -0.253488, -0.27011, -0.245176, -0.265954, -0.257643, -0.224399, -0.224399, 3.93529, 1, 0.053, 0.068, 0.061, 0.065, 0.059, 0.064, 0.062, 0.054, 0.054, 0.053, 9, 0.0267381, 
2, 17, 17, 0, 0, 0, 0, 0, 0, 0, 1, 0, 0, 1, -0.193326, -0.193326, -0.208588, -0.178063, -0.198413, -0.183151, -0.228939, 4.96034, -0.213676, -0.259464, 1, 0.038, 0.038, 0.041, 0.035, 0.039, 0.036, 0.045, 0.025, 0.042, 0.051, 9, 0.0218399, 
3, 18, 19, 0, 0, 0, 0, 1, 0, 0, 0, 0, 0, 1, -0.1039, -0.0661179, -0.0566725, -0.151127, 9.30373, -0.12279, -0.141681, -0.0850087, -0.132236, -0.0944541, 1, 0.011, 0.007, 0.006, 0.016, 0.015, 0.013, 0.015, 0.009, 0.014, 0.01, 5, 0.0211743, 
1, 18, 21, 0, 2, 0, 0, 0, 1, 0, 0, 0, 0, 1, -0.31513, 8.11774, -0.281516, -0.264709, -0.268911, 3.92441, -0.201683, -0.201683, -0.2437, -0.176473, 1, 0.075, 0.068, 0.067, 0.063, 0.064, 0.066, 0.048, 0.048, 0.058, 0.042, 5, 0.0475995, 
1, 18, 49, 0, 1, 0, 0, 0, 0, 2, 0, 0, 0, 1, -0.15204, 3.38471, -0.15928, -0.228061, -0.253401, -0.231681, 6.99024, -0.238921, -0.213581, -0.253401, 1, 0.042, 0.065, 0.044, 0.063, 0.07, 0.064, 0.069, 0.066, 0.059, 0.07, 5, 0.0552485, 
3, 19, 15, 0, 1, 0, 0, 0, 0, 0, 0, 0, 0, 1, -0.225831, 4.10839, -0.178059, -0.178059, -0.212803, -0.117259, -0.243203, -0.247546, -0.199774, -0.225831, 1, 0.052, 0.054, 0.041, 0.041, 0.049, 0.027, 0.056, 0.057, 0.046, 0.052, 14, 0.0164472, 
3, 19, 20, 0, 0, 1, 0, 0, 0, 0, 0, 0, 0, 1, -0.20078, -0.211633, 5.18229, -0.217059, -0.179074, -0.227912, -0.217059, -0.162795, -0.0922502, -0.1845, 1, 0.037, 0.039, 0.045, 0.04, 0.033, 0.042, 0.04, 0.03, 0.017, 0.034, 12, 0.0153568, 
1, 20, 9, 0, 0, 0, 1, 0, 0, 1, 0, 0, 0, 1, -0.348277, -0.301115, -0.282975, 3.36305, -0.264836, -0.261208, 3.3304, -0.25758, -0.25758, -0.286603, 1, 0.096, 0.083, 0.078, 0.073, 0.073, 0.072, 0.082, 0.071, 0.071, 0.079, 60, 0.00459404, 
3, 20, 15, 0, 0, 0, 3, 0, 0, 1, 1, 0, 0, 1, -0.594404, -0.547562, -0.552408, 4.22382, -0.638015, -0.642861, 1.03052, 0.996596, -0.654168, -0.725238, 1, 0.368, 0.339, 0.342, 0.385, 0.395, 0.398, 0.362, 0.383, 0.405, 0.449, 105, 0.00589626, 
3, 20, 17, 1, 0, 0, 0, 3, 1, 2, 0, 0, 1, 1, 0.592716, -0.659313, -0.740562, -0.744558, 3.28058, 0.611363, 1.94464, -0.793839, -0.775192, 0.564745, 1, 0.555, 0.495, 0.556, 0.559, 0.537, 0.541, 0.54, 0.596, 0.582, 0.576, 104, 0.00721905, 
2, 20, 28, 1, 0, 1, 1, 1, 3, 0, 1, 1, 1, 1, 0.80475, -0.740253, 0.766638, 0.763706, 0.757843, 3.64996, -0.722663, 0.766638, 0.750514, 0.785694, 1, 0.451, 0.505, 0.477, 0.479, 0.483, 0.51, 0.493, 0.477, 0.488, 0.464, 97, 0.00703298, 
3, 20, 30, 0, 0, 1, 0, 0, 0, 0, 0, 0, 0, 1, -0.183137, -0.206029, 4.3495, -0.178559, -0.206029, -0.210608, -0.297598, -0.215186, -0.228921, -0.242656, 1, 0.04, 0.045, 0.05, 0.039, 0.045, 0.046, 0.065, 0.047, 0.05, 0.053, 30, 0.00728053, 
1, 20, 34, 0, 1, 0, 0, 0, 0, 0, 0, 1, 0, 1, -0.247285, 4.87001, -0.201866, -0.217005, -0.262425, -0.206912, -0.166539, -0.166539, 4.8801, -0.166539, 1, 0.049, 0.035, 0.04, 0.043, 0.052, 0.041, 0.033, 0.033, 0.033, 0.033, 47, 0.00421599, 
2, 20, 36, 0, 0, 0, 0, 0, 0, 1, 0, 0, 0, 1, -0.208044, -0.117358, -0.224047, -0.138696, -0.181371, -0.138696, 5.09973, -0.266722, -0.213378, -0.245385, 1, 0.039, 0.022, 0.042, 0.026, 0.034, 0.026, 0.044, 0.05, 0.04, 0.046, 19, 0.00986636, 
3, 21, 2, 0, 0, 1, 0, 0, 0, 0, 0, 0, 0, 1, -0.267195, -0.27432, 3.29897, -0.295696, -0.267195, -0.295696, -0.306384, -0.245819, -0.299258, -0.349135, 1, 0.075, 0.077, 0.074, 0.083, 0.075, 0.083, 0.086, 0.069, 0.084, 0.098, 34, 0.0082557, 
2, 21, 6, 0, 0, 0, 0, 0, 0, 0, 0, 1, 0, 1, -0.231099, -0.19461, -0.176365, -0.164202, -0.145957, -0.176365, -0.152039, -0.139876, 5.94775, -0.152039, 1, 0.038, 0.032, 0.029, 0.027, 0.024, 0.029, 0.025, 0.023, 0.022, 0.025, 21, 0.00783009, 
3, 21, 11, 1, 0, 0, 0, 0, 0, 0, 0, 0, 0, 1, 3.91726, -0.23238, -0.182584, -0.22823, -0.290474, -0.240679, -0.244828, -0.298774, -0.290474, -0.257277, 1, 0.056, 0.056, 0.044, 0.055, 0.07, 0.058, 0.059, 0.072, 0.07, 0.062, 18, 0.0133881, 
3, 21, 17, 1, 0, 1, 2, 0, 0, 0, 0, 0, 0, 1, 1.48273, -0.543275, 1.40232, 3.36164, -0.486398, -0.539353, -0.543275, -0.55112, -0.539353, -0.549159, 1, 0.244, 0.277, 0.285, 0.286, 0.248, 0.275, 0.277, 0.281, 0.275, 0.28, 37, 0.0137803, 
3, 21, 20, 0, 1, 0, 0, 0, 0, 0, 0, 0, 0, 1, -0.334947, 5.39823, -0.25121, -0.212133, -0.184221, -0.178638, -0.133979, -0.195386, -0.150726, -0.0781543, 1, 0.06, 0.033, 0.045, 0.038, 0.033, 0.032, 0.024, 0.035, 0.027, 0.014, 23, 0.00778838, 
1, 21, 21, 3, 0, 0, 1, 1, 1, 0, 0, 3, 0, 1, 3.43103, -0.72004, -0.717244, 0.661318, 0.61518, 0.613782, -0.768975, -0.708855, 3.47577, -0.645939, 1, 0.546, 0.515, 0.513, 0.527, 0.56, 0.561, 0.55, 0.507, 0.514, 0.462, 38, 0.0188221, 
1, 21, 38, 0, 1, 0, 0, 0, 0, 1, 0, 0, 0, 1, -0.23186, 4.06613, -0.23186, -0.227566, -0.171748, -0.274797, 4.03607, -0.31344, -0.188923, -0.218978, 1, 0.054, 0.053, 0.054, 0.053, 0.04, 0.064, 0.06, 0.073, 0.044, 0.051, 31, 0.00751289, 
3, 21, 43, 0, 0, 0, 0, 1, 0, 0, 0, 0, 0, 1, -0.236128, -0.248778, -0.210829, -0.286727, 3.98467, -0.265644, -0.206612, -0.198179, -0.278294, -0.257211, 1, 0.056, 0.059, 0.05, 0.068, 0.055, 0.063, 0.049, 0.047, 0.066, 0.061, 29, 0.0081779, 
2, 21, 47, 0, 0, 0, 0, 0, 0, 0, 1, 0, 0, 1, -0.223453, -0.21306, -0.21306, -0.228649, -0.202666, -0.171487, -0.176684, 5.05627, -0.16629, -0.259829, 1, 0.043, 0.041, 0.041, 0.044, 0.039, 0.033, 0.034, 0.027, 0.032, 0.05, 36, 0.0053454, 
3, 21, 50, 0, 0, 1, 0, 0, 0, 0, 0, 0, 0, 1, -0.257496, -0.253056, 4.12881, -0.230858, -0.248616, -0.2131, -0.248616, -0.177583, -0.239737, -0.186462, 1, 0.058, 0.057, 0.07, 0.052, 0.056, 0.048, 0.056, 0.04, 0.054, 0.042, 23, 0.00979333, 
2, 22, 4, 0, 0, 0, 0, 0, 1, 0, 0, 0, 0, 1, -0.10913, -0.0935397, -0.12472, -0.0779497, -0.0779497, 15.5432, -0.0467698, -0.0155899, -0.0467698, -0.0467698, 1, 0.007, 0.006, 0.008, 0.005, 0.005, 0.003, 0.003, 0.001, 0.003, 0.003, 4, 0.016036, 
3, 22, 17, 0, 2, 0, 0, 0, 0, 0, 0, 0, 0, 1, -0.278719, 6.00196, -0.313559, -0.313559, -0.418079, -0.319894, -0.357901, -0.364235, -0.354733, -0.294555, 1, 0.088, 0.105, 0.099, 0.099, 0.132, 0.101, 0.113, 0.115, 0.112, 0.093, 15, 0.0210487, 
3, 22, 20, 0, 0, 1, 0, 0, 0, 0, 0, 0, 0, 1, -0.189026, -0.137474, 5.50468, -0.200482, -0.200482, -0.171842, -0.14893, -0.166114, -0.17757, -0.194754, 1, 0.033, 0.024, 0.039, 0.035, 0.035, 0.03, 0.026, 0.029, 0.031, 0.034, 13, 0.0134291, 
3, 22, 46, 1, 0, 0, 0, 0, 0, 0, 0, 0, 0, 1, 5.84872, -0.173251, -0.131432, -0.167277, -0.203122, -0.197148, -0.155329, -0.161303, -0.232993, -0.167277, 1, 0.021, 0.029, 0.022, 0.028, 0.034, 0.033, 0.026, 0.027, 0.039, 0.028, 5, 0.0334774, 
3, 23, 5, 0, 0, 0, 1, 0, 0, 0, 0, 0, 0, 1, -0.0765995, -0.0612796, -0.0612796, 15.2433, -0.0765995, -0.0459597, -0.0612796, -0.0765995, -0.0612796, -0.0612796, 1, 0.005, 0.004, 0.004, 0.005, 0.005, 0.003, 0.004, 0.005, 0.004, 0.004, 2, 0.0326373, 
3, 23, 12, 0, 1, 0, 0, 0, 0, 0, 0, 0, 0, 1, -0.164574, 4.65648, -0.222659, -0.217819, -0.2275, -0.203298, -0.246861, -0.256542, -0.208138, -0.217819, 1, 0.034, 0.038, 0.046, 0.045, 0.047, 0.042, 0.051, 0.053, 0.043, 0.045, 4, 0.0516484, 
2, 23, 44, 0, 0, 0, 0, 0, 0, 0, 0, 0, 1, 1, -0.182219, -0.130157, -0.173542, -0.173542, -0.147511, -0.112802, -0.0607397, -0.0954481, -0.086771, 8.62504, 1, 0.021, 0.015, 0.02, 0.02, 0.017, 0.013, 0.007, 0.011, 0.01, 0.006, 1, 0.115246, 
3, 24, 5, 0, 1, 0, 0, 0, 0, 0, 0, 0, 0, 1, -0.194938, 5.26332, -0.157033, -0.167863, -0.227427, -0.162448, -0.151618, -0.238257, -0.222012, -0.200353, 1, 0.036, 0.028, 0.029, 0.031, 0.042, 0.03, 0.028, 0.044, 0.041, 0.037, 26, 0.00710286, 
2, 24, 9, 0, 0, 0, 0, 0, 0, 0, 1, 0, 1, 1, -0.245158, -0.261234, -0.273291, -0.200949, -0.208987, -0.273291, -0.241139, 3.80195, -0.305442, 3.7055, 1, 0.061, 0.065, 0.068, 0.05, 0.052, 0.068, 0.06, 0.054, 0.076, 0.078, 20, 0.012441, 
2, 24, 17, 0, 0, 0, 0, 0, 0, 1, 0, 1, 2, 1, -0.455832, -0.408529, -0.434331, -0.494535, -0.496685, -0.503136, 1.64487, -0.55689, 1.62122, 3.79072, 1, 0.212, 0.19, 0.202, 0.23, 0.231, 0.234, 0.235, 0.259, 0.246, 0.237, 50, 0.00930166, 
3, 24, 20, 0, 0, 0, 0, 1, 0, 0, 0, 0, 0, 1, -0.204931, -0.187111, -0.262846, -0.191566, 4.19663, -0.249481, -0.245026, -0.240571, -0.267301, -0.262846, 1, 0.046, 0.042, 0.059, 0.043, 0.058, 0.056, 0.055, 0.054, 0.06, 0.059, 26, 0.00863331, 
1, 24, 25, 0, 0, 0, 0, 1, 0, 0, 1, 0, 1, 1, -0.193009, -0.212805, -0.178162, -0.173213, 4.74109, -0.23755, -0.178162, 4.75099, -0.217754, 4.73614, 1, 0.039, 0.043, 0.036, 0.035, 0.042, 0.048, 0.036, 0.04, 0.044, 0.043, 35, 0.00577323, 
2, 24, 31, 0, 0, 0, 0, 0, 0, 0, 0, 0, 1, 1, -0.262214, -0.213656, -0.213656, -0.228224, -0.223368, -0.160242, -0.165098, -0.252503, -0.199089, 4.6713, 1, 0.054, 0.044, 0.044, 0.047, 0.046, 0.033, 0.034, 0.052, 0.041, 0.038, 15, 0.0137292, 
2, 24, 32, 0, 0, 0, 0, 0, 0, 0, 0, 1, 0, 1, -0.237575, -0.191727, -0.258415, -0.283423, -0.183391, -0.258415, -0.216735, -0.245911, 3.84288, -0.233407, 1, 0.057, 0.046, 0.062, 0.068, 0.044, 0.062, 0.052, 0.059, 0.078, 0.056, 35, 0.00685497, 
3, 24, 33, 0, 0, 0, 0, 1, 0, 0, 0, 0, 0, 1, -0.293168, -0.259769, -0.278324, -0.241214, 3.42524, -0.274613, -0.270902, -0.270902, -0.256058, -0.345122, 1, 0.079, 0.07, 0.075, 0.065, 0.077, 0.074, 0.073, 0.073, 0.069, 0.093, 29, 0.00929207, 
3, 24, 38, 1, 0, 0, 0, 0, 0, 0, 0, 0, 0, 1, 3.61813, -0.27504, -0.27504, -0.290535, -0.267292, -0.255671, -0.321526, -0.30603, -0.27504, -0.236302, 1, 0.066, 0.071, 0.071, 0.075, 0.069, 0.066, 0.083, 0.079, 0.071, 0.061, 38, 0.00679327, 
3, 24, 41, 0, 1, 0, 0, 0, 0, 0, 0, 0, 0, 1, -0.128263, 8.44824, -0.111161, -0.119712, -0.10261, -0.10261, -0.0684068, -0.111161, -0.136814, -0.230873, 1, 0.015, 0.012, 0.013, 0.014, 0.012, 0.012, 0.008, 0.013, 0.016, 0.027, 34, 0.00343963, 
2, 24, 44, 0, 0, 0, 0, 0, 0, 0, 1, 0, 0, 1, -0.0579706, -0.0483088, -0.0579706, -0.106279, -0.0483088, -0.0966176, -0.144926, 9.5265, -0.193235, -0.241544, 1, 0.006, 0.005, 0.006, 0.011, 0.005, 0.01, 0.015, 0.014, 0.02, 0.025, 6, 0.0172501, 
1, 24, 45, 0, 1, 0, 0, 0, 0, 0, 0, 1, 0, 1, -0.257588, 4.48672, -0.206071, -0.206071, -0.266955, -0.19202, -0.224804, -0.182653, 4.49609, -0.257588, 1, 0.055, 0.042, 0.044, 0.044, 0.057, 0.041, 0.048, 0.039, 0.04, 0.055, 35, 0.00610055, 
2, 25, 17, 0, 0, 0, 0, 0, 1, 0, 0, 0, 0, 1, -0.100746, -0.15112, -0.158316, -0.172708, -0.086354, 7.03066, -0.143923, -0.158316, -0.165512, -0.129531, 1, 0.014, 0.021, 0.022, 0.024, 0.012, 0.023, 0.02, 0.022, 0.023, 0.018, 1, 0.138963, 
3, 25, 21, 1, 0, 0, 0, 0, 0, 0, 0, 0, 0, 1, 8.53063, -0.0942137, -0.0856489, -0.0599542, -0.188427, -0.145603, -0.145603, -0.171298, -0.196992, -0.128473, 1, 0.004, 0.011, 0.01, 0.007, 0.022, 0.017, 0.017, 0.02, 0.023, 0.015, 1, 0.116756, 
3, 26, 9, 0, 0, 0, 1, 0, 0, 0, 0, 0, 0, 1, -0.19338, -0.223595, -0.205466, 5.86787, -0.181293, -0.17525, -0.169207, -0.102733, -0.114819, -0.138992, 1, 0.032, 0.037, 0.034, 0.029, 0.03, 0.029, 0.028, 0.017, 0.019, 0.023, 8, 0.0206847, 
2, 26, 12, 0, 1, 0, 0, 0, 2, 0, 0, 0, 0, 1, -0.437076, 1.94099, -0.477023, -0.401828, -0.371279, 4.18982, -0.458224, -0.437076, -0.394778, -0.469974, 1, 0.186, 0.174, 0.203, 0.171, 0.158, 0.217, 0.195, 0.186, 0.168, 0.2, 11, 0.0386869, 
2, 26, 20, 0, 0, 0, 0, 0, 0, 1, 0, 0, 0, 1, -0.264862, -0.273139, -0.198647, -0.289693, -0.293832, -0.256585, 3.93155, -0.256585, -0.277278, -0.240031, 1, 0.064, 0.066, 0.048, 0.07, 0.071, 0.062, 0.05, 0.062, 0.067, 0.058, 6, 0.0402725, 
3, 26, 21, 0, 2, 0, 0, 0, 0, 0, 0, 0, 0, 1, -0.423572, 5.32166, -0.383774, -0.346818, -0.409359, -0.324076, -0.386616, -0.250164, -0.343975, -0.292805, 1, 0.149, 0.128, 0.135, 0.122, 0.144, 0.114, 0.136, 0.088, 0.121, 0.103, 11, 0.0319791, 
3, 26, 24, 0, 0, 1, 0, 0, 0, 0, 0, 0, 0, 1, -0.120862, -0.193379, 5.93432, -0.114819, -0.163164, -0.151077, -0.181293, -0.199422, -0.211508, -0.193379, 1, 0.02, 0.032, 0.018, 0.019, 0.027, 0.025, 0.03, 0.033, 0.035, 0.032, 6, 0.0275797, 
3, 26, 25, 0, 0, 0, 0, 1, 0, 0, 0, 0, 0, 1, -0.159529, -0.129142, -0.159529, -0.159529, 7.42947, -0.121546, -0.0911592, -0.121546, -0.121546, -0.106352, 1, 0.021, 0.017, 0.021, 0.021, 0.022, 0.016, 0.012, 0.016, 0.016, 0.014, 8, 0.0164547, 
2, 26, 33, 0, 0, 0, 0, 0, 0, 0, 0, 1, 0, 1, -0.150269, -0.0966014, -0.150269, -0.161002, -0.0429339, -0.118068, -0.0751344, -0.0858679, 10.6906, -0.0644009, 1, 0.014, 0.009, 0.014, 0.015, 0.004, 0.011, 0.007, 0.008, 0.004, 0.006, 7, 0.0133095, 
3, 26, 38, 0, 0, 0, 1, 0, 0, 0, 0, 0, 0, 1, -0.203462, -0.203462, -0.219525, 5.12939, -0.155274, -0.187399, -0.203462, -0.235588, -0.165982, -0.128502, 1, 0.038, 0.038, 0.041, 0.042, 0.029, 0.035, 0.038, 0.044, 0.031, 0.024, 10, 0.0186767, 
3, 26, 41, 0, 0, 0, 0, 1, 0, 0, 0, 0, 0, 1, -0.282528, -0.259743, -0.205061, -0.19139, 4.34729, -0.232402, -0.209618, -0.25063, -0.227845, -0.209618, 1, 0.062, 0.057, 0.045, 0.042, 0.046, 0.051, 0.046, 0.055, 0.05, 0.046, 10, 0.0219447, 
3, 27, 2, 1, 0, 0, 0, 0, 0, 0, 0, 0, 0, 1, 4.79838, -0.146477, -0.176783, -0.16163, -0.257597, -0.227292, -0.212139, -0.171732, -0.171732, -0.318209, 1, 0.05, 0.029, 0.035, 0.032, 0.051, 0.045, 0.042, 0.034, 0.034, 0.063, 19, 0.0104202, 
3, 27, 10, 0, 0, 0, 0, 1, 0, 0, 0, 0, 0, 1, -0.160781, -0.160781, -0.180075, -0.135056, 6.2383, -0.15435, -0.186506, -0.173643, -0.128625, -0.128625, 1, 0.025, 0.025, 0.028, 0.021, 0.03, 0.024, 0.029, 0.027, 0.02, 0.02, 12, 0.0129576, 
2, 27, 16, 0, 0, 0, 0, 0, 1, 0, 0, 0, 0, 1, -0.299017, -0.274099, -0.328088, -0.269946, -0.215957, 3.94121, -0.191039, -0.195192, -0.174426, -0.236722, 1, 0.072, 0.066, 0.079, 0.065, 0.052, 0.051, 0.046, 0.047, 0.042, 0.057, 19, 0.0126731, 
2, 27, 17, 0, 0, 0, 0, 0, 0, 0, 0, 1, 0, 1, -0.254575, -0.265974, -0.258374, -0.296371, -0.243176, -0.262174, -0.296371, -0.243176, 3.44246, -0.212779, 1, 0.067, 0.07, 0.068, 0.078, 0.064, 0.069, 0.078, 0.064, 0.094, 0.056, 19, 0.0138518, 
3, 27, 28, 0, 0, 1, 0, 1, 0, 0, 0, 0, 0, 1, -0.193968, -0.273837, 3.51424, -0.28905, 3.56749, -0.27764, -0.26623, -0.349903, -0.262427, -0.262427, 1, 0.051, 0.072, 0.076, 0.076, 0.062, 0.073, 0.07, 0.092, 0.069, 0.069, 14, 0.0187807, 
1, 27, 38, 1, 0, 1, 0, 0, 0, 0, 0, 0, 1, 1, 3.45188, -0.306097, 3.42607, -0.272905, -0.31716, -0.306097, -0.26553, -0.298721, -0.328224, 3.32281, 1, 0.064, 0.083, 0.071, 0.074, 0.086, 0.083, 0.072, 0.081, 0.089, 0.099, 19, 0.0142714, 
3, 28, 7, 0, 1, 0, 0, 0, 0, 0, 0, 0, 0, 1, -0.0870839, 10.7984, -0.11974, -0.0870839, -0.0979693, -0.0761984, -0.152397, -0.141511, -0.0326564, -0.0761984, 1, 0.008, 0.008, 0.011, 0.008, 0.009, 0.007, 0.014, 0.013, 0.003, 0.007, 17, 0.00540385, 
2, 28, 11, 0, 0, 0, 0, 0, 0, 0, 0, 0, 1, 1, -0.191163, -0.21183, -0.191163, -0.206663, -0.175664, -0.201496, -0.206663, -0.21183, -0.18083, 4.99608, 1, 0.037, 0.041, 0.037, 0.04, 0.034, 0.039, 0.04, 0.041, 0.035, 0.033, 12, 0.0161293, 
3, 28, 24, 1, 0, 0, 0, 0, 0, 0, 0, 0, 0, 1, 4.20862, -0.198904, -0.266712, -0.189863, -0.207945, -0.189863, -0.24863, -0.207945, -0.212465, -0.180822, 1, 0.069, 0.044, 0.059, 0.042, 0.046, 0.042, 0.055, 0.046, 0.047, 0.04, 46, 0.00480897, 
3, 28, 25, 1, 0, 0, 0, 0, 0, 0, 0, 0, 0, 1, 5.11544, -0.241295, -0.209122, -0.209122, -0.176949, -0.214484, -0.219846, -0.112604, -0.166225, -0.107242, 1, 0.046, 0.045, 0.039, 0.039, 0.033, 0.04, 0.041, 0.021, 0.031, 0.02, 41, 0.00454864, 
2, 28, 33, 0, 0, 0, 0, 0, 0, 0, 0, 0, 1, 1, -0.213687, -0.277339, -0.240966, -0.227327, -0.25006, -0.240966, -0.209141, -0.181861, -0.231873, 4.34649, 1, 0.047, 0.061, 0.053, 0.05, 0.055, 0.053, 0.046, 0.04, 0.051, 0.044, 52, 0.00422976, 
3, 28, 34, 0, 0, 0, 0, 1, 0, 0, 0, 0, 0, 1, -0.189351, -0.158527, -0.14972, -0.281825, 4.20096, -0.215773, -0.264211, -0.255404, -0.303843, -0.374299, 1, 0.043, 0.036, 0.034, 0.064, 0.046, 0.049, 0.06, 0.058, 0.069, 0.085, 38, 0.00597608, 
3, 28, 40, 1, 0, 0, 0, 0, 0, 0, 0, 0, 0, 1, 4.10758, -0.215734, -0.232993, -0.224364, -0.258881, -0.254566, -0.27614, -0.245937, -0.207105, -0.254566, 1, 0.048, 0.05, 0.054, 0.052, 0.06, 0.059, 0.064, 0.057, 0.048, 0.059, 45, 0.00515037, 
1, 28, 42, 0, 1, 0, 0, 0, 1, 0, 0, 0, 0, 1, -0.157859, 5.04623, -0.231527, -0.199955, -0.215741, 5.14094, -0.194693, -0.205217, -0.247312, -0.152597, 1, 0.03, 0.041, 0.044, 0.038, 0.041, 0.023, 0.037, 0.039, 0.047, 0.029, 21, 0.00904967, 
2, 28, 49, 2, 0, 0, 2, 1, 5, 2, 1, 1, 1, 1, 0.774784, -1.09691, -1.10254, 0.795445, -0.134296, 3.62975, 0.864002, -0.0535305, -0.0601045, -0.085461, 1, 1.175, 1.168, 1.174, 1.153, 1.143, 1.135, 1.08, 1.057, 1.064, 1.091, 85, 0.0125272, 
3, 28, 50, 0, 1, 0, 1, 0, 0, 0, 0, 0, 0, 1, -0.242107, 3.43489, -0.287502, 3.52568, -0.230758, -0.298851, -0.287502, -0.310199, -0.200495, -0.295068, 1, 0.064, 0.092, 0.076, 0.068, 0.061, 0.079, 0.076, 0.082, 0.053, 0.078, 28, 0.00944093, 
2, 29, 17, 0, 0, 0, 0, 0, 0, 1, 0, 0, 0, 1, -0.18221, -0.14717, -0.168194, -0.0911049, -0.224258, -0.14717, 6.90295, -0.14717, -0.133153, -0.133153, 1, 0.026, 0.021, 0.024, 0.013, 0.032, 0.021, 0.015, 0.021, 0.019, 0.019, 6, 0.0237821, 
2, 29, 49, 1, 0, 1, 0, 0, 0, 0, 2, 0, 1, 1, 2.04283, -0.440265, 2.03025, -0.45536, -0.513224, -0.430202, -0.442781, 4.59385, -0.505676, 2.08057, 1, 0.188, 0.175, 0.193, 0.181, 0.204, 0.171, 0.176, 0.174, 0.201, 0.173, 6, 0.0662479, 
2, 29, 50, 0, 0, 0, 0, 0, 0, 1, 0, 0, 0, 1, -0.097678, -0.0887981, -0.106558, -0.097678, -0.0799183, -0.115438, 8.71998, -0.159837, -0.124317, -0.124317, 1, 0.011, 0.01, 0.012, 0.011, 0.009, 0.013, 0.018, 0.018, 0.014, 0.014, 5, 0.022523, 
3, 30, 9, 0, 0, 0, 0, 1, 0, 0, 0, 0, 0, 1, -0.28793, -0.224488, -0.239128, -0.204967, 4.68008, -0.214727, -0.185446, -0.195207, -0.136645, -0.161045, 1, 0.059, 0.046, 0.049, 0.042, 0.041, 0.044, 0.038, 0.04, 0.028, 0.033, 49, 0.00418186, 
2, 30, 10, 0, 0, 0, 0, 0, 0, 0, 0, 1, 0, 1, -0.0830375, -0.0415187, -0.114177, -0.0830375, -0.0830375, -0.114177, -0.0726578, -0.114177, 10.2759, -0.176455, 1, 0.008, 0.004, 0.011, 0.008, 0.008, 0.011, 0.007, 0.011, 0.01, 0.017, 20, 0.0048171, 
2, 30, 15, 0, 0, 1, 0, 0, 0, 0, 3, 0, 0, 1, -0.61206, -0.610238, 1.21137, -0.557412, -0.619346, -0.573806, -0.571985, 4.92745, -0.571985, -0.561055, 1, 0.336, 0.335, 0.335, 0.306, 0.34, 0.315, 0.314, 0.295, 0.314, 0.308, 59, 0.00930451, 
2, 30, 30, 0, 0, 0, 0, 0, 0, 0, 1, 0, 0, 1, -0.13745, -0.19721, -0.13745, -0.155378, -0.233067, -0.179282, -0.16733, 5.79081, -0.185258, -0.155378, 1, 0.023, 0.033, 0.023, 0.026, 0.039, 0.03, 0.028, 0.031, 0.031, 0.026, 14, 0.0119524, 
3, 30, 34, 0, 0, 1, 0, 0, 0, 0, 0, 0, 0, 1, -0.0979829, -0.17147, 8.02643, -0.138809, -0.163305, -0.122479, -0.122479, -0.138809, -0.0898176, -0.0653219, 1, 0.012, 0.021, 0.017, 0.017, 0.02, 0.015, 0.015, 0.017, 0.011, 0.008, 23, 0.0053248, 
3, 30, 38, 2, 0, 0, 0, 0, 0, 0, 0, 0, 0, 1, 4.78352, -0.436981, -0.421467, -0.364582, -0.387853, -0.455081, -0.349068, -0.367168, -0.374925, -0.393025, 1, 0.15, 0.169, 0.163, 0.141, 0.15, 0.176, 0.135, 0.142, 0.145, 0.152, 54, 0.00716193, 
1, 30, 40, 0, 1, 0, 0, 0, 0, 0, 1, 0, 0, 1, -0.337828, 3.50354, -0.303666, -0.239137, -0.280891, -0.258116, -0.284687, 3.56048, -0.288482, -0.246728, 1, 0.089, 0.077, 0.08, 0.063, 0.074, 0.068, 0.075, 0.062, 0.076, 0.065, 36, 0.00731799, 
2, 30, 41, 0, 0, 0, 0, 0, 1, 0, 0, 0, 0, 1, -0.306569, -0.281903, -0.338284, -0.36295, -0.310093, 3.29826, -0.292474, -0.306569, -0.26076, -0.274855, 1, 0.087, 0.08, 0.096, 0.103, 0.088, 0.064, 0.083, 0.087, 0.074, 0.078, 46, 0.00616925, 
2, 30, 47, 0, 0, 0, 0, 0, 0, 0, 0, 0, 2, 1, -0.261256, -0.281353, -0.30145, -0.273314, -0.249198, -0.233121, -0.217044, -0.269295, -0.269295, 7.78142, 1, 0.065, 0.07, 0.075, 0.068, 0.062, 0.058, 0.054, 0.067, 0.067, 0.064, 43, 0.00578599, 
3, 30, 50, 0, 1, 0, 0, 0, 0, 0, 0, 0, 0, 1, -0.217821, 5.03113, -0.292199, -0.244384, -0.143443, -0.111567, -0.164694, -0.148756, -0.185945, -0.122192, 1, 0.041, 0.053, 0.055, 0.046, 0.027, 0.021, 0.031, 0.028, 0.035, 0.023, 35, 0.00537795, 
1, 31, 7, 0, 1, 0, 0, 0, 0, 1, 0, 0, 0, 1, -0.292183, 4.17911, -0.305464, -0.256767, -0.221351, -0.309891, 4.21895, -0.185935, -0.185935, -0.172654, 1, 0.066, 0.056, 0.069, 0.058, 0.05, 0.07, 0.047, 0.042, 0.042, 0.039, 51, 0.00442913, 
2, 31, 14, 0, 0, 0, 0, 0, 0, 1, 0, 0, 0, 1, -0.231254, -0.238962, -0.231254, -0.242816, -0.258233, -0.265942, 3.59599, -0.296775, -0.289067, -0.304484, 1, 0.06, 0.062, 0.06, 0.063, 0.067, 0.069, 0.067, 0.077, 0.075, 0.079, 83, 0.00312597, 
2, 31, 15, 5, 5, 3, 1, 2, 3, 7, 1, 6, 1, 1, 1.96595, 1.91723, 0.533763, -0.833004, -0.100211, 0.56995, 3.34663, -0.834396, 2.57696, -0.830917, 1, 2.175, 2.245, 2.233, 2.197, 2.144, 2.181, 2.191, 2.199, 2.297, 2.194, 487, 0.00295065, 
2, 31, 40, 0, 0, 0, 0, 1, 3, 0, 0, 0, 2, 1, -0.600699, -0.627278, -0.551083, -0.600699, 1.14292, 4.74711, -0.563487, -0.641454, -0.588295, 2.89895, 1, 0.339, 0.354, 0.311, 0.339, 0.355, 0.321, 0.318, 0.362, 0.332, 0.364, 232, 0.00243251, 
2, 31, 46, 0, 0, 0, 2, 0, 0, 0, 0, 3, 0, 1, -0.568604, -0.631973, -0.616559, 2.80363, -0.65595, -0.596007, -0.643961, -0.673077, 4.55226, -0.580593, 1, 0.332, 0.369, 0.36, 0.363, 0.383, 0.348, 0.376, 0.393, 0.342, 0.339, 283, 0.0020632, 
3, 32, 5, 0, 0, 1, 0, 0, 0, 0, 0, 0, 0, 1, -0.0821556, -0.104562, 7.35666, -0.141905, -0.141905, -0.156843, -0.164311, -0.126968, -0.156843, -0.194186, 1, 0.011, 0.014, 0.015, 0.019, 0.019, 0.021, 0.022, 0.017, 0.021, 0.026, 6, 0.0223154, 
1, 32, 21, 0, 0, 0, 1, 0, 0, 0, 0, 0, 1, 1, -0.169359, -0.249581, -0.240668, 4.27408, -0.236211, -0.325347, -0.213927, -0.20947, -0.22284, 4.20723, 1, 0.038, 0.056, 0.054, 0.041, 0.053, 0.073, 0.048, 0.047, 0.05, 0.056, 8, 0.028047, 
3, 32, 41, 0, 0, 0, 0, 1, 0, 0, 0, 0, 0, 1, -0.0906112, -0.125462, -0.111521, -0.188193, 6.83766, -0.160312, -0.209103, -0.160312, -0.111521, -0.202133, 1, 0.013, 0.018, 0.016, 0.027, 0.019, 0.023, 0.03, 0.023, 0.016, 0.029, 6, 0.0239117, 
2, 32, 47, 0, 0, 0, 0, 0, 0, 0, 0, 1, 0, 1, -0.107472, -0.145404, -0.189657, -0.145404, -0.189657, -0.170691, -0.120116, -0.170691, 6.13857, -0.177013, 1, 0.017, 0.023, 0.03, 0.023, 0.03, 0.027, 0.019, 0.027, 0.029, 0.028, 7, 0.0225972, 
2, 33, 2, 0, 0, 1, 0, 1, 1, 0, 0, 0, 3, 1, -0.489921, -0.504546, 1.329, -0.4625, 1.29244, 1.30341, -0.568528, -0.570356, -0.542935, 4.93395, 1, 0.268, 0.276, 0.273, 0.253, 0.293, 0.287, 0.311, 0.312, 0.297, 0.301, 76, 0.00719772, 
2, 33, 13, 0, 0, 0, 0, 0, 1, 0, 0, 0, 0, 1, -0.257311, -0.205849, -0.221287, -0.154387, -0.205849, 4.89405, -0.185264, -0.154387, -0.200703, -0.14924, 1, 0.05, 0.04, 0.043, 0.03, 0.04, 0.049, 0.036, 0.03, 0.039, 0.029, 47, 0.00413441, 
2, 33, 22, 0, 0, 0, 0, 0, 0, 0, 1, 0, 0, 1, -0.214, -0.21828, -0.26536, -0.26964, -0.26964, -0.2782, -0.1926, 4.07029, -0.25252, -0.25252, 1, 0.05, 0.051, 0.062, 0.063, 0.063, 0.065, 0.045, 0.049, 0.059, 0.059, 45, 0.0051921, 
2, 33, 25, 0, 0, 0, 0, 0, 1, 0, 0, 0, 0, 1, -0.27846, -0.174627, -0.231263, -0.231263, -0.160468, 4.53559, -0.231263, -0.259581, -0.217104, -0.217104, 1, 0.059, 0.037, 0.049, 0.049, 0.034, 0.039, 0.049, 0.055, 0.046, 0.046, 55, 0.00385236, 
3, 33, 33, 0, 0, 1, 0, 0, 0, 0, 0, 0, 0, 1, -0.255276, -0.267058, 3.6524, -0.26313, -0.26313, -0.302403, -0.255276, -0.255276, -0.270985, -0.200293, 1, 0.065, 0.068, 0.07, 0.067, 0.067, 0.077, 0.065, 0.065, 0.069, 0.051, 56, 0.00454691, 
2, 33, 42, 0, 0, 0, 0, 0, 1, 0, 0, 0, 0, 1, -0.264189, -0.176126, -0.259996, -0.218061, -0.272576, 3.91671, -0.222255, -0.259996, -0.301931, -0.218061, 1, 0.063, 0.042, 0.062, 0.052, 0.065, 0.066, 0.053, 0.062, 0.072, 0.052, 22, 0.0108393, 
2, 34, 6, 0, 0, 0, 0, 0, 0, 0, 0, 1, 0, 1, -0.357228, -0.335578, -0.346403, -0.313927, -0.295886, -0.292277, -0.216502, -0.277844, 3.42794, -0.22011, 1, 0.099, 0.093, 0.096, 0.087, 0.082, 0.081, 0.06, 0.077, 0.05, 0.061, 61, 0.00454318, 
3, 34, 13, 0, 1, 2, 0, 0, 0, 1, 0, 0, 0, 1, -0.396611, 1.95162, 4.41109, -0.367591, -0.425631, -0.440141, 2.01449, -0.391774, -0.377264, -0.469162, 1, 0.164, 0.193, 0.176, 0.152, 0.176, 0.182, 0.167, 0.162, 0.156, 0.194, 82, 0.00504273, 
1, 34, 29, 0, 0, 0, 0, 2, 0, 0, 0, 1, 0, 1, -0.280597, -0.222291, -0.284241, -0.269665, 7.00035, -0.251444, -0.233224, -0.284241, 3.37445, -0.353479, 1, 0.077, 0.061, 0.078, 0.074, 0.079, 0.069, 0.064, 0.078, 0.074, 0.097, 63, 0.00435579, 
2, 34, 30, 0, 0, 0, 0, 0, 1, 0, 0, 0, 0, 1, -0.251696, -0.262483, -0.255292, -0.255292, -0.284057, 3.30801, -0.294844, -0.302035, -0.327205, -0.309227, 1, 0.07, 0.073, 0.071, 0.071, 0.079, 0.08, 0.082, 0.084, 0.091, 0.086, 55, 0.0050566, 
3, 34, 44, 1, 0, 0, 0, 0, 0, 0, 0, 0, 0, 1, 5.20667, -0.213523, -0.224473, -0.240897, -0.142348, -0.147823, -0.142348, -0.175198, -0.142348, -0.208048, 1, 0.049, 0.039, 0.041, 0.044, 0.026, 0.027, 0.026, 0.032, 0.026, 0.038, 41, 0.00445489, 
2, 34, 45, 0, 0, 1, 1, 0, 0, 0, 1, 2, 0, 1, -0.51562, -0.457078, 1.76302, 1.82381, -0.477343, -0.461581, -0.475091, 1.80354, 4.07993, -0.499859, 1, 0.229, 0.203, 0.217, 0.19, 0.212, 0.205, 0.211, 0.199, 0.188, 0.222, 88, 0.00504688, 
2, 34, 46, 0, 0, 0, 0, 0, 2, 0, 1, 0, 0, 1, -0.325794, -0.334844, -0.286578, -0.304678, -0.292611, 5.75871, -0.316744, 2.60937, -0.34691, -0.401209, 1, 0.108, 0.111, 0.095, 0.101, 0.097, 0.091, 0.105, 0.135, 0.115, 0.133, 80, 0.00414372, 
2, 34, 48, 0, 0, 0, 1, 1, 0, 1, 0, 2, 1, 1, -0.388197, -0.443654, -0.434411, 1.85087, 1.85087, -0.455207, 1.87398, -0.478314, 4.1477, 1.9017, 1, 0.168, 0.192, 0.188, 0.199, 0.199, 0.197, 0.189, 0.207, 0.205, 0.177, 118, 0.00366754, 
2, 35, 2, 0, 0, 0, 0, 0, 1, 0, 4, 0, 0, 1, -0.505073, -0.556925, -0.553084, -0.508914, -0.570368, 1.3251, -0.545402, 7.11904, -0.562686, -0.551164, 1, 0.263, 0.29, 0.288, 0.265, 0.297, 0.31, 0.284, 0.293, 0.293, 0.287, 114, 0.00456769, 
3, 35, 14, 0, 0, 0, 0, 1, 0, 0, 0, 0, 0, 1, -0.153281, -0.0975425, -0.195085, -0.174183, 6.80011, -0.0836079, -0.125412, -0.146314, -0.153281, -0.146314, 1, 0.022, 0.014, 0.028, 0.025, 0.024, 0.012, 0.018, 0.021, 0.022, 0.021, 18, 0.00797373, 
3, 35, 24, 0, 0, 1, 0, 0, 0, 0, 0, 0, 0, 1, -0.245327, -0.203668, 4.42514, -0.212925, -0.277729, -0.236069, -0.217554, -0.231441, -0.19441, -0.166637, 1, 0.053, 0.044, 0.044, 0.046, 0.06, 0.051, 0.047, 0.05, 0.042, 0.036, 56, 0.00385782, 
2, 35, 31, 0, 0, 0, 0, 0, 1, 0, 1, 0, 0, 1, -0.267627, -0.214102, -0.249785, -0.209641, -0.19626, 4.28203, -0.263167, 4.1839, -0.205181, -0.231944, 1, 0.06, 0.048, 0.056, 0.047, 0.044, 0.04, 0.059, 0.062, 0.046, 0.052, 28, 0.00800688, 
3, 35, 48, 1, 0, 0, 0, 0, 0, 0, 0, 0, 0, 1, 3.40303, -0.23939, -0.265171, -0.279903, -0.250439, -0.294634, -0.250439, -0.331464, -0.257805, -0.320415, 1, 0.076, 0.065, 0.072, 0.076, 0.068, 0.08, 0.068, 0.09, 0.07, 0.087, 68, 0.00399299, 
2, 35, 50, 0, 0, 0, 0, 0, 0, 0, 0, 0, 1, 1, -0.111294, -0.173897, -0.159985, -0.132161, -0.111294, -0.20172, -0.166941, -0.11825, -0.146073, 6.79588, 1, 0.016, 0.025, 0.023, 0.019, 0.016, 0.029, 0.024, 0.017, 0.021, 0.023, 19, 0.00756651, 
2, 36, 5, 0, 0, 0, 0, 0, 0, 0, 1, 0, 0, 1, -0.226649, -0.262625, -0.291406, -0.287808, -0.305796, -0.284211, -0.312991, 3.31339, -0.291406, -0.312991, 1, 0.063, 0.073, 0.081, 0.08, 0.085, 0.079, 0.087, 0.079, 0.081, 0.087, 7, 0.039709, 
2, 36, 38, 0, 0, 0, 0, 0, 0, 0, 0, 1, 0, 1, -0.21804, -0.24579, -0.237862, -0.261648, -0.249755, -0.28147, -0.325077, -0.225969, 3.73443, -0.269576, 1, 0.055, 0.062, 0.06, 0.066, 0.063, 0.071, 0.082, 0.057, 0.058, 0.068, 8, 0.0315309, 
2, 37, 22, 0, 0, 0, 1, 0, 0, 0, 1, 0, 3, 1, -0.704964, -0.69551, -0.64149, 0.679304, -0.711716, -0.613129, -0.660397, 0.637439, -0.680655, 3.45054, 1, 0.522, 0.515, 0.475, 0.497, 0.527, 0.454, 0.489, 0.528, 0.504, 0.445, 269, 0.00275265, 
3, 37, 26, 0, 0, 0, 1, 0, 0, 0, 0, 0, 0, 1, -0.315597, -0.299413, -0.311551, 3.79526, -0.299413, -0.254906, -0.254906, -0.190168, -0.186121, -0.222537, 1, 0.078, 0.074, 0.077, 0.062, 0.074, 0.063, 0.063, 0.047, 0.046, 0.055, 87, 0.00284081, 
2, 37, 30, 0, 1, 0, 0, 0, 0, 2, 0, 0, 0, 1, -0.437085, 1.80438, -0.439327, -0.468466, -0.479673, -0.470707, 3.99877, -0.50657, -0.477431, -0.497605, 1, 0.195, 0.195, 0.196, 0.209, 0.214, 0.21, 0.216, 0.226, 0.213, 0.222, 156, 0.00285985, 
3, 37, 40, 0, 0, 0, 2, 1, 0, 0, 0, 0, 0, 1, -0.419685, -0.447102, -0.468191, 3.70757, 1.62812, -0.501935, -0.499826, -0.533569, -0.504044, -0.489281, 1, 0.199, 0.212, 0.222, 0.242, 0.228, 0.238, 0.237, 0.253, 0.239, 0.232, 245, 0.00193537, 
2, 37, 44, 0, 1, 0, 0, 0, 1, 0, 0, 0, 2, 1, -0.452795, 1.47158, -0.538191, -0.554078, -0.520317, 1.41796, -0.540176, -0.544148, -0.544148, 3.49327, 1, 0.228, 0.259, 0.271, 0.279, 0.262, 0.286, 0.272, 0.274, 0.274, 0.241, 166, 0.00303337, 
2, 38, 4, 0, 0, 0, 0, 0, 0, 0, 0, 0, 1, 1, -0.211135, -0.17119, -0.239667, -0.211135, -0.17119, -0.136952, -0.165484, -0.159778, -0.165484, 5.51804, 1, 0.037, 0.03, 0.042, 0.037, 0.03, 0.024, 0.029, 0.028, 0.029, 0.033, 21, 0.00834493, 
2, 38, 9, 0, 0, 0, 0, 0, 0, 0, 0, 1, 0, 1, -0.212565, -0.216903, -0.286311, -0.229917, -0.208227, -0.225579, -0.321016, -0.190874, 4.1385, -0.203888, 1, 0.049, 0.05, 0.066, 0.053, 0.048, 0.052, 0.074, 0.044, 0.046, 0.047, 52, 0.00443304, 
3, 38, 13, 2, 0, 0, 0, 0, 0, 1, 0, 0, 0, 1, 4.51891, -0.465996, -0.448364, -0.488666, -0.440807, -0.385392, 2.13855, -0.473553, -0.403024, -0.350127, 1, 0.206, 0.185, 0.178, 0.194, 0.175, 0.153, 0.151, 0.188, 0.16, 0.139, 43, 0.00923253, 
2, 38, 22, 0, 0, 0, 0, 0, 0, 1, 0, 0, 1, 1, -0.171317, -0.2195, -0.214147, -0.214147, -0.230208, -0.192732, 5.16094, -0.139195, -0.139195, 5.16094, 1, 0.032, 0.041, 0.04, 0.04, 0.043, 0.036, 0.036, 0.026, 0.026, 0.036, 32, 0.00583712, 
3, 38, 26, 0, 0, 0, 0, 1, 0, 0, 0, 0, 0, 1, -0.116024, -0.177903, -0.232047, -0.154698, 7.54927, -0.0850839, -0.108289, -0.100554, -0.139228, -0.0618792, 1, 0.015, 0.023, 0.03, 0.02, 0.024, 0.011, 0.014, 0.013, 0.018, 0.008, 10, 0.0129284, 
2, 38, 27, 0, 0, 0, 1, 0, 1, 2, 0, 0, 0, 1, -0.469148, -0.471404, -0.480426, 1.82021, -0.460126, 1.82246, 4.0667, -0.462382, -0.369905, -0.381183, 1, 0.208, 0.209, 0.213, 0.193, 0.204, 0.192, 0.197, 0.205, 0.164, 0.169, 68, 0.00651995, 
3, 38, 28, 0, 0, 1, 0, 2, 0, 1, 0, 1, 0, 1, -0.526842, -0.538506, 1.3103, -0.54045, 3.36129, -0.544338, 1.38029, -0.503513, 1.44833, -0.499625, 1, 0.271, 0.277, 0.326, 0.278, 0.271, 0.28, 0.29, 0.259, 0.255, 0.257, 63, 0.00816485, 
3, 38, 34, 0, 0, 1, 0, 0, 0, 0, 0, 0, 0, 1, -0.258979, -0.232642, 4.17439, -0.228253, -0.158021, -0.179968, -0.258979, -0.228253, -0.263368, -0.289705, 1, 0.059, 0.053, 0.049, 0.052, 0.036, 0.041, 0.059, 0.052, 0.06, 0.066, 44, 0.00517768, 
2, 38, 35, 0, 0, 0, 0, 0, 0, 1, 0, 0, 0, 1, -0.35019, -0.250136, -0.24104, -0.204657, -0.222848, -0.222848, 4.34781, -0.204657, -0.191013, -0.181917, 1, 0.077, 0.055, 0.053, 0.045, 0.049, 0.049, 0.044, 0.045, 0.042, 0.04, 14, 0.0157058, 
3, 38, 36, 0, 0, 1, 0, 0, 0, 0, 0, 0, 0, 1, -0.118274, -0.139145, 6.78334, -0.139145, -0.132188, -0.194804, -0.104359, -0.194804, -0.15306, -0.132188, 1, 0.017, 0.02, 0.025, 0.02, 0.019, 0.028, 0.015, 0.028, 0.022, 0.019, 16, 0.00898341, 
3, 38, 43, 0, 2, 0, 0, 1, 0, 0, 0, 0, 0, 1, -0.4924, 4.34555, -0.461326, -0.442203, 1.91223, -0.446984, -0.341811, -0.442203, -0.406349, -0.406349, 1, 0.206, 0.182, 0.193, 0.185, 0.2, 0.187, 0.143, 0.185, 0.17, 0.17, 65, 0.0064363, 
2, 38, 44, 0, 0, 0, 0, 0, 0, 1, 0, 0, 0, 1, -0.198277, -0.210293, -0.18626, -0.192268, -0.156218, -0.102142, 5.87019, -0.168235, -0.174243, -0.120168, 1, 0.033, 0.035, 0.031, 0.032, 0.026, 0.017, 0.023, 0.028, 0.029, 0.02, 19, 0.0087597, 
2, 39, 3, 0, 0, 0, 0, 0, 0, 1, 0, 0, 0, 1, -0.135124, -0.111279, -0.15897, -0.166918, -0.135124, -0.10333, 7.83722, -0.111279, -0.10333, -0.151021, 1, 0.017, 0.014, 0.02, 0.021, 0.017, 0.013, 0.014, 0.014, 0.013, 0.019, 2, 0.062905, 
3, 39, 12, 0, 0, 1, 0, 0, 0, 0, 0, 0, 0, 1, -0.0566544, -0.0849816, 6.96141, -0.0991451, -0.070818, -0.205372, -0.134554, -0.219536, -0.269108, -0.290354, 1, 0.008, 0.012, 0.017, 0.014, 0.01, 0.029, 0.019, 0.031, 0.038, 0.041, 2, 0.0706036, 
3, 39, 27, 0, 0, 0, 0, 1, 0, 0, 0, 0, 0, 1, -0.150731, -0.124131, -0.106398, -0.17733, 8.76899, -0.124131, -0.0620657, -0.106398, -0.0975317, -0.115265, 1, 0.017, 0.014, 0.012, 0.02, 0.011, 0.014, 0.007, 0.012, 0.011, 0.013, 1, 0.112784, 
3, 39, 37, 0, 0, 0, 0, 1, 0, 0, 0, 0, 0, 1, -0.213009, -0.186383, -0.127805, -0.170407, 5.13883, -0.159756, -0.170407, -0.213009, -0.218334, -0.266261, 1, 0.04, 0.035, 0.024, 0.032, 0.035, 0.03, 0.032, 0.04, 0.041, 0.05, 2, 0.0938929, 
3, 40, 6, 0, 0, 1, 0, 0, 0, 0, 0, 0, 0, 1, -0.287715, -0.195235, 4.90143, -0.205511, -0.226062, -0.143858, -0.18496, -0.159271, -0.190098, -0.164409, 1, 0.056, 0.038, 0.046, 0.04, 0.044, 0.028, 0.036, 0.031, 0.037, 0.032, 50, 0.00389274, 
3, 40, 8, 3, 0, 0, 0, 0, 0, 2, 0, 1, 0, 1, 4.85575, -0.679264, -0.553141, -0.538727, -0.581969, -0.50089, 3.03417, -0.594581, 1.28105, -0.518907, 1, 0.305, 0.377, 0.307, 0.299, 0.323, 0.278, 0.316, 0.33, 0.289, 0.288, 116, 0.00478459, 
3, 40, 24, 0, 0, 2, 0, 0, 0, 0, 0, 0, 0, 1, -0.530216, -0.510207, 3.42139, -0.504205, -0.508207, -0.548223, -0.490199, -0.456185, -0.460187, -0.46819, 1, 0.265, 0.255, 0.29, 0.252, 0.254, 0.274, 0.245, 0.228, 0.23, 0.234, 99, 0.00504845, 
2, 40, 33, 0, 0, 0, 0, 0, 0, 0, 1, 0, 0, 1, -0.214951, -0.199028, -0.222912, -0.274659, -0.274659, -0.254756, -0.318445, 3.69397, -0.306504, -0.266698, 1, 0.054, 0.05, 0.056, 0.069, 0.069, 0.064, 0.08, 0.072, 0.077, 0.067, 77, 0.0032626, 
2, 40, 35, 0, 0, 0, 0, 0, 0, 1, 0, 0, 0, 1, -0.28485, -0.229359, -0.236758, -0.299647, -0.270052, -0.28115, 3.3923, -0.310745, -0.292248, -0.266353, 1, 0.077, 0.062, 0.064, 0.081, 0.073, 0.076, 0.083, 0.084, 0.079, 0.072, 28, 0.00965422, 
2, 40, 37, 8, 4, 5, 7, 5, 8, 2, 3, 13, 6, 1, 1.50121, -0.380634, 0.0611982, 0.952744, 0.0152995, 1.45346, -1.34404, -0.915654, 3.69878, 0.466404, 1, 4.762, 4.821, 4.868, 4.945, 4.967, 4.865, 4.899, 4.975, 5.022, 4.994, 147, 0.014673, 
2, 40, 40, 0, 0, 0, 0, 0, 1, 0, 0, 1, 0, 1, -0.260203, -0.293777, -0.209841, -0.243415, -0.18466, 3.97858, -0.226628, -0.226628, 3.92822, -0.256006, 1, 0.062, 0.07, 0.05, 0.058, 0.044, 0.052, 0.054, 0.054, 0.064, 0.061, 62, 0.00384316, 
1, 40, 44, 0, 0, 0, 0, 1, 0, 0, 0, 0, 1, 1, -0.170709, -0.182089, -0.227612, -0.125186, 5.55372, -0.19916, -0.187779, -0.147947, -0.147947, 5.47975, 1, 0.03, 0.032, 0.04, 0.022, 0.024, 0.035, 0.033, 0.026, 0.026, 0.037, 42, 0.00418424, 
3, 40, 45, 0, 0, 2, 0, 1, 0, 0, 1, 0, 1, 1, -0.575532, -0.558267, 3.26902, -0.552511, 1.4561, -0.487284, -0.496876, 1.28727, -0.535245, 1.37552, 1, 0.3, 0.291, 0.296, 0.288, 0.241, 0.254, 0.259, 0.329, 0.279, 0.283, 97, 0.00537378, 
3, 41, 22, 0, 1, 0, 0, 0, 0, 0, 0, 0, 0, 1, -0.0583918, 9.66385, -0.116784, -0.175175, -0.136248, -0.0583918, -0.126516, -0.126516, -0.0875877, -0.116784, 1, 0.006, 0.007, 0.012, 0.018, 0.014, 0.006, 0.013, 0.013, 0.009, 0.012, 10, 0.0102754, 
2, 41, 27, 0, 0, 0, 0, 0, 1, 2, 0, 0, 0, 1, -0.513368, -0.472624, -0.499108, -0.600966, -0.568371, 1.53195, 3.5895, -0.507256, -0.582632, -0.548, 1, 0.252, 0.232, 0.245, 0.295, 0.279, 0.248, 0.238, 0.249, 0.286, 0.269, 22, 0.0223126, 
2, 41, 31, 0, 0, 0, 0, 0, 1, 0, 0, 0, 0, 1, -0.0619854, -0.108474, -0.123971, -0.0619854, -0.0619854, 15.3724, -0.0464891, -0.0619854, -0.0309927, -0.0154964, 1, 0.004, 0.007, 0.008, 0.004, 0.004, 0.008, 0.003, 0.004, 0.002, 0.001, 4, 0.0161328, 
3, 42, 7, 0, 0, 0, 0, 1, 0, 0, 0, 0, 0, 1, -0.251535, -0.306217, -0.20779, -0.202322, 5.2713, -0.136704, -0.14764, -0.142172, -0.213258, -0.0874905, 1, 0.046, 0.056, 0.038, 0.037, 0.036, 0.025, 0.027, 0.026, 0.039, 0.016, 29, 0.0063061, 
2, 42, 17, 2, 0, 0, 1, 1, 0, 1, 2, 5, 4, 1, 0.792074, -1.13167, -1.13731, -0.202252, -0.172149, -1.07993, -0.158979, 0.783608, 3.56245, 2.62081, 1, 1.158, 1.203, 1.209, 1.215, 1.183, 1.148, 1.169, 1.167, 1.213, 1.214, 217, 0.00489876, 
3, 42, 23, 0, 0, 1, 0, 0, 0, 0, 0, 0, 0, 1, -0.233206, -0.286394, 3.84995, -0.220932, -0.237298, -0.229115, -0.278211, -0.298668, -0.249572, -0.175928, 1, 0.057, 0.07, 0.059, 0.054, 0.058, 0.056, 0.068, 0.073, 0.061, 0.043, 29, 0.00842823, 
2, 42, 29, 0, 0, 0, 0, 0, 0, 0, 1, 0, 0, 1, -0.214456, -0.256506, -0.264916, -0.239686, -0.180816, -0.260711, -0.273326, 3.99897, -0.227071, -0.264916, 1, 0.051, 0.061, 0.063, 0.057, 0.043, 0.062, 0.065, 0.049, 0.054, 0.063, 45, 0.0052847, 
3, 42, 46, 0, 0, 0, 0, 2, 0, 1, 0, 0, 1, 1, -0.433779, -0.377893, -0.356604, -0.372571, 4.90463, -0.439101, 2.28599, -0.409828, -0.380555, 2.27268, 1, 0.163, 0.142, 0.134, 0.14, 0.157, 0.165, 0.141, 0.154, 0.143, 0.146, 111, 0.00338529, 
3, 43, 4, 1, 0, 0, 0, 0, 0, 0, 0, 0, 0, 1, 6.53864, -0.167143, -0.147086, -0.180515, -0.1872, -0.106972, -0.120343, -0.207258, -0.147086, -0.133715, 1, 0.022, 0.025, 0.022, 0.027, 0.028, 0.016, 0.018, 0.031, 0.022, 0.02, 6, 0.0249287, 
2, 43, 5, 0, 0, 0, 0, 0, 0, 0, 0, 0, 1, 1, -0.263169, -0.298001, -0.28639, -0.239948, -0.325092, -0.29026, -0.232208, -0.251559, -0.247689, 3.6031, 1, 0.068, 0.077, 0.074, 0.062, 0.084, 0.075, 0.06, 0.065, 0.064, 0.069, 9, 0.0287099, 
2, 43, 11, 0, 0, 0, 0, 0, 0, 0, 1, 0, 0, 1, -0.0385158, -0.0192579, -0.0192579, -0.0770315, -0.0770315, -0.0192579, -0.0962894, 19.2194, -0.134805, -0.0577736, 1, 0.002, 0.001, 0.001, 0.004, 0.004, 0.001, 0.005, 0.002, 0.007, 0.003, 8, 0.00649085, 
3, 43, 13, 0, 0, 0, 1, 0, 0, 0, 0, 0, 0, 1, -0.161909, -0.153388, -0.0937369, 8.35963, -0.0681723, -0.153388, -0.204517, -0.119302, -0.0426077, -0.0852154, 1, 0.019, 0.018, 0.011, 0.019, 0.008, 0.018, 0.024, 0.014, 0.005, 0.01, 6, 0.0195583, 
3, 43, 24, 0, 0, 1, 0, 0, 0, 0, 0, 0, 0, 1, -0.134814, -0.0898761, 14.9194, -0.0299587, -0.0898761, -0.0449381, -0.0449381, -0.0449381, -0.0599174, -0.104855, 1, 0.009, 0.006, 0.004, 0.002, 0.006, 0.003, 0.003, 0.003, 0.004, 0.007, 7, 0.00953694, 
2, 43, 27, 0, 0, 0, 0, 0, 0, 1, 0, 0, 0, 1, -0.223054, -0.300441, -0.332305, -0.223054, -0.286784, -0.163877, 4.34728, -0.191189, -0.182085, -0.200294, 1, 0.049, 0.066, 0.073, 0.049, 0.063, 0.036, 0.045, 0.042, 0.04, 0.044, 10, 0.0219677, 
2, 43, 43, 0, 0, 0, 0, 0, 0, 1, 0, 0, 0, 1, -0.0992049, -0.158728, -0.128966, -0.0892844, -0.109125, -0.0595229, 9.85104, -0.0694434, -0.128966, -0.128966, 1, 0.01, 0.016, 0.013, 0.009, 0.011, 0.006, 0.007, 0.007, 0.013, 0.013, 10, 0.0100802, 
1, 43, 46, 0, 0, 0, 0, 1, 0, 0, 1, 0, 0, 1, -0.204653, -0.15349, -0.179071, -0.166281, 6.22912, -0.166281, -0.217444, 6.29947, -0.127908, -0.121513, 1, 0.032, 0.024, 0.028, 0.026, 0.026, 0.026, 0.034, 0.015, 0.02, 0.019, 7, 0.0223375, 
2, 43, 48, 0, 0, 0, 0, 0, 0, 0, 0, 0, 1, 1, -0.100802, -0.151202, -0.187203, -0.136802, -0.122402, -0.144002, -0.115202, -0.180003, -0.172803, 7.09212, 1, 0.014, 0.021, 0.026, 0.019, 0.017, 0.02, 0.016, 0.025, 0.024, 0.015, 10, 0.0138887, 
3, 44, 2, 0, 1, 0, 0, 0, 0, 0, 0, 0, 0, 1, -0.227026, 3.82229, -0.276559, -0.268304, -0.25592, -0.222898, -0.206387, -0.214643, -0.268304, -0.235282, 1, 0.055, 0.074, 0.067, 0.065, 0.062, 0.054, 0.05, 0.052, 0.065, 0.057, 20, 0.0121131, 
2, 44, 12, 0, 0, 0, 0, 0, 3, 0, 1, 0, 0, 1, -0.666729, -0.66024, -0.655373, -0.678084, -0.669973, 4.1999, -0.613196, 1.00901, -0.626173, -0.656995, 1, 0.411, 0.407, 0.404, 0.418, 0.413, 0.411, 0.378, 0.378, 0.386, 0.405, 21, 0.0293544, 
1, 44, 17, 1, 0, 0, 0, 0, 0, 0, 0, 1, 0, 1, 3.97156, -0.240063, -0.20637, -0.223216, -0.244274, -0.252698, -0.252698, -0.294814, 3.95893, -0.265332, 1, 0.057, 0.057, 0.049, 0.053, 0.058, 0.06, 0.06, 0.07, 0.06, 0.063, 21, 0.0113066, 
1, 44, 20, 0, 1, 0, 0, 0, 0, 0, 0, 1, 0, 1, -0.282006, 4.14952, -0.246196, -0.246196, -0.19248, -0.165623, -0.241719, -0.19248, 4.25695, -0.147717, 1, 0.063, 0.073, 0.055, 0.055, 0.043, 0.037, 0.054, 0.043, 0.049, 0.033, 16, 0.0139625, 
2, 44, 21, 0, 0, 0, 1, 0, 0, 2, 0, 1, 1, 1, -0.524825, -0.561351, -0.57673, 1.38415, -0.547894, -0.519057, 3.30082, -0.52867, 1.388, 1.35532, 1, 0.273, 0.292, 0.3, 0.28, 0.285, 0.27, 0.283, 0.275, 0.278, 0.295, 21, 0.0247702, 
3, 44, 24, 0, 0, 0, 1, 0, 0, 0, 0, 0, 0, 1, -0.104369, -0.0521847, -0.104369, 12.9809, -0.0652308, -0.0913232, -0.0913232, -0.0913232, -0.0652308, -0.0521847, 1, 0.008, 0.004, 0.008, 0.005, 0.005, 0.007, 0.007, 0.007, 0.005, 0.004, 8, 0.00958136, 
3, 44, 38, 0, 1, 0, 0, 1, 0, 0, 0, 0, 0, 1, -0.210776, 3.93034, -0.285167, -0.235573, 3.88902, -0.301698, -0.272768, -0.219041, -0.247971, -0.268636, 1, 0.051, 0.049, 0.069, 0.057, 0.059, 0.073, 0.066, 0.053, 0.06, 0.065, 18, 0.0134424, 
2, 45, 1, 0, 0, 0, 0, 0, 0, 0, 0, 1, 0, 1, -0.133682, -0.138456, -0.124133, -0.224394, -0.152779, -0.310332, -0.195748, -0.286461, 4.50221, -0.372399, 1, 0.028, 0.029, 0.026, 0.047, 0.032, 0.065, 0.041, 0.06, 0.057, 0.078, 37, 0.00566089, 
2, 45, 10, 1, 1, 0, 0, 0, 2, 0, 1, 0, 0, 1, 1.62535, 1.58362, -0.465279, -0.479884, -0.492403, 3.63877, -0.504921, 1.53146, -0.498662, -0.48823, 1, 0.221, 0.241, 0.223, 0.23, 0.236, 0.256, 0.242, 0.266, 0.239, 0.234, 109, 0.00439709, 
1, 45, 14, 1, 0, 0, 0, 0, 1, 0, 0, 0, 0, 1, 3.66504, -0.349243, -0.321143, -0.228814, -0.208743, 3.7935, -0.220786, -0.1967, -0.272971, -0.236843, 1, 0.087, 0.087, 0.08, 0.057, 0.052, 0.055, 0.055, 0.049, 0.068, 0.059, 67, 0.00371807, 
2, 45, 22, 0, 0, 0, 0, 0, 2, 0, 0, 0, 0, 1, -0.319702, -0.281771, -0.349505, -0.40911, -0.392854, 5.00686, -0.422657, -0.398273, -0.384726, -0.438913, 1, 0.118, 0.104, 0.129, 0.151, 0.145, 0.152, 0.156, 0.147, 0.142, 0.162, 140, 0.00263638, 
1, 45, 41, 0, 0, 3, 0, 0, 3, 1, 0, 0, 0, 1, -0.744058, -0.700924, 3.30243, -0.702272, -0.734622, 3.28221, 0.603873, -0.788539, -0.756189, -0.746754, 1, 0.552, 0.52, 0.55, 0.521, 0.545, 0.565, 0.552, 0.585, 0.561, 0.554, 245, 0.00302807, 
3, 45, 44, 0, 0, 0, 1, 0, 0, 0, 0, 0, 0, 1, -0.153161, -0.262562, -0.251621, 3.38777, -0.313615, -0.244328, -0.313615, -0.324555, -0.328202, -0.364669, 1, 0.042, 0.072, 0.069, 0.071, 0.086, 0.067, 0.086, 0.089, 0.09, 0.1, 75, 0.00365629, 
3, 45, 50, 0, 0, 0, 2, 0, 0, 0, 0, 0, 0, 1, -0.470456, -0.44201, -0.487962, 3.93651, -0.452951, -0.487962, -0.431069, -0.406999, -0.46608, -0.404811, 1, 0.215, 0.202, 0.223, 0.201, 0.207, 0.223, 0.197, 0.186, 0.213, 0.185, 120, 0.00380836, 
3, 46, 21, 0, 0, 0, 0, 1, 0, 0, 0, 0, 0, 1, -0.0238595, -0.0238595, -0.047719, -0.047719, 11.8224, -0.167017, -0.0715785, -0.202806, -0.119298, -0.131227, 1, 0.002, 0.002, 0.004, 0.004, 0.009, 0.014, 0.006, 0.017, 0.01, 0.011, 1, 0.083824, 
2, 46, 49, 0, 0, 0, 0, 0, 0, 0, 0, 0, 1, 1, -0.100006, -0.0888947, -0.0222237, -0.0555592, -0.111118, -0.0777828, -0.100006, -0.0888947, -0.177789, 10.9785, 1, 0.009, 0.008, 0.002, 0.005, 0.01, 0.007, 0.009, 0.008, 0.016, 0.012, 1, 0.0899942, 
2, 47, 3, 0, 0, 0, 0, 0, 0, 0, 1, 0, 0, 1, -0.0870925, -0.174185, -0.127289, -0.133989, -0.221081, -0.11389, -0.214382, 6.53194, -0.154087, -0.160786, 1, 0.013, 0.026, 0.019, 0.02, 0.033, 0.017, 0.032, 0.025, 0.023, 0.024, 13, 0.011482, 
1, 47, 18, 0, 0, 1, 0, 1, 0, 0, 0, 0, 1, 1, -0.271528, -0.203646, 4.31277, -0.217222, 4.3535, -0.253426, -0.221748, -0.208171, -0.221748, 4.29919, 1, 0.06, 0.045, 0.047, 0.048, 0.038, 0.056, 0.049, 0.046, 0.049, 0.05, 13, 0.0169978, 
3, 47, 19, 0, 0, 0, 1, 0, 0, 0, 0, 0, 0, 1, -0.180154, -0.120102, -0.120102, 7.3938, -0.120102, -0.112596, -0.150128, -0.135115, -0.180154, -0.135115, 1, 0.024, 0.016, 0.016, 0.015, 0.016, 0.015, 0.02, 0.018, 0.024, 0.018, 13, 0.0102477, 
2, 47, 22, 0, 0, 0, 0, 0, 1, 0, 0, 0, 0, 1, -0.0704581, -0.105687, -0.0968798, -0.0880726, -0.0968798, 8.64873, -0.105687, -0.132109, -0.132109, -0.167338, 1, 0.008, 0.012, 0.011, 0.01, 0.011, 0.018, 0.012, 0.015, 0.015, 0.019, 4, 0.0283857, 
2, 47, 25, 0, 0, 0, 0, 0, 1, 0, 0, 0, 0, 1, -0.130482, -0.14353, -0.0521927, -0.0521927, -0.0913373, 12.9307, -0.0782891, -0.0391445, -0.0521927, -0.0521927, 1, 0.01, 0.011, 0.004, 0.004, 0.007, 0.009, 0.006, 0.003, 0.004, 0.004, 7, 0.0109484, 
2, 47, 38, 0, 0, 0, 0, 0, 0, 0, 1, 0, 0, 1, -0.163063, -0.215664, -0.157803, -0.252484, -0.189363, -0.110462, -0.205144, 5.03917, -0.199883, -0.247224, 1, 0.031, 0.041, 0.03, 0.048, 0.036, 0.021, 0.039, 0.042, 0.038, 0.047, 12, 0.0158426, 
2, 47, 43, 0, 0, 0, 0, 0, 0, 0, 1, 0, 0, 1, -0.177706, -0.23534, -0.196917, -0.211326, -0.177706, -0.196917, -0.23534, 4.55791, -0.249749, -0.220931, 1, 0.037, 0.049, 0.041, 0.044, 0.037, 0.041, 0.049, 0.051, 0.052, 0.046, 12, 0.0173508, 
2, 47, 46, 0, 0, 0, 0, 0, 1, 0, 0, 0, 0, 1, -0.139256, -0.116046, -0.193411, -0.139256, -0.131519, 7.59717, -0.154728, -0.0928371, -0.139256, -0.0851006, 1, 0.018, 0.015, 0.025, 0.018, 0.017, 0.018, 0.02, 0.012, 0.018, 0.011, 4, 0.0323147, 
2, 48, 8, 0, 0, 0, 0, 0, 0, 1, 0, 0, 0, 1, -0.165456, -0.215594, -0.205566, -0.235649, -0.1454, -0.215594, 4.80824, -0.240663, -0.190525, -0.215594, 1, 0.033, 0.043, 0.041, 0.047, 0.029, 0.043, 0.041, 0.048, 0.038, 0.043, 14, 0.0142464, 
3, 48, 15, 0, 0, 0, 0, 1, 0, 0, 0, 0, 0, 1, -0.160176, -0.209118, -0.244713, -0.275858, 4.19571, -0.235814, -0.26251, -0.222466, -0.222466, -0.231365, 1, 0.036, 0.047, 0.055, 0.062, 0.057, 0.053, 0.059, 0.05, 0.05, 0.052, 19, 0.0118291, 
2, 48, 17, 0, 0, 0, 0, 0, 2, 1, 0, 0, 0, 1, -0.285276, -0.332822, -0.256017, -0.281619, -0.241387, 7.08435, 3.37576, -0.288933, -0.314535, -0.256017, 1, 0.078, 0.091, 0.07, 0.077, 0.066, 0.063, 0.077, 0.079, 0.086, 0.07, 20, 0.013671, 
1, 48, 33, 0, 0, 0, 0, 1, 0, 1, 0, 0, 0, 1, -0.203899, -0.184006, -0.213845, -0.179033, 4.74935, -0.203899, 4.74438, -0.213845, -0.228765, -0.179033, 1, 0.041, 0.037, 0.043, 0.036, 0.045, 0.041, 0.046, 0.043, 0.046, 0.036, 13, 0.0154677, 
2, 48, 41, 0, 0, 0, 0, 0, 0, 0, 1, 0, 1, 1, -0.175356, -0.126256, -0.147299, -0.112228, -0.147299, -0.105214, -0.140285, 6.84589, -0.161327, 6.83186, 1, 0.025, 0.018, 0.021, 0.016, 0.021, 0.015, 0.02, 0.024, 0.023, 0.026, 16, 0.00891045, 
2, 48, 49, 0, 0, 0, 0, 1, 0, 0, 0, 0, 2, 1, -0.45728, -0.472308, -0.474455, -0.446546, 1.67669, -0.493776, -0.493776, -0.493776, -0.487336, 3.79564, 1, 0.213, 0.22, 0.221, 0.208, 0.219, 0.23, 0.23, 0.23, 0.227, 0.232, 20, 0.0232899, 
3, 49, 3, 0, 0, 1, 0, 0, 0, 0, 0, 0, 0, 1, -0.30797, -0.275362, 3.25362, -0.282608, -0.282608, -0.347825, -0.286231, -0.264492, -0.253623, -0.264492, 1, 0.085, 0.076, 0.102, 0.078, 0.078, 0.096, 0.079, 0.073, 0.07, 0.073, 4, 0.0690002, 
1, 49, 16, 0, 0, 0, 0, 1, 0, 0, 1, 0, 0, 1, -0.304499, -0.300786, -0.308212, -0.293359, 3.50174, -0.330493, -0.267365, 3.46832, -0.293359, -0.241371, 1, 0.082, 0.081, 0.083, 0.079, 0.057, 0.089, 0.072, 0.066, 0.079, 0.065, 5, 0.053859, 
2, 49, 37, 0, 0, 0, 0, 0, 0, 1, 0, 2, 0, 1, -0.442822, -0.505761, -0.494522, -0.440574, -0.458557, -0.505761, 1.77129, -0.460805, 4.01237, -0.47654, 1, 0.197, 0.225, 0.22, 0.196, 0.204, 0.225, 0.212, 0.205, 0.215, 0.212, 5, 0.0889748, 
3, 50, 3, 0, 0, 0, 1, 0, 0, 0, 0, 0, 0, 1, -0.221266, -0.247971, -0.289935, 3.52882, -0.263231, -0.278491, -0.328085, -0.29375, -0.28612, -0.30901, 1, 0.058, 0.065, 0.076, 0.075, 0.069, 0.073, 0.086, 0.077, 0.075, 0.081, 6, 0.0436879, 
3, 50, 12, 0, 1, 0, 0, 0, 0, 0, 0, 0, 0, 1, -0.260626, 3.62112, -0.288268, -0.221137, -0.213239, -0.248779, -0.24483, -0.260626, -0.296166, -0.296166, 1, 0.066, 0.083, 0.073, 0.056, 0.054, 0.063, 0.062, 0.066, 0.075, 0.075, 6, 0.0422061, 
3, 50, 17, 0, 1, 0, 0, 0, 0, 0, 0, 0, 0, 1, -0.251579, 6.30237, -0.193522, -0.161268, -0.161268, -0.148367, -0.148367, -0.135466, -0.135466, -0.122564, 1, 0.039, 0.023, 0.03, 0.025, 0.025, 0.023, 0.023, 0.021, 0.021, 0.019, 6, 0.0258368, 
2, 50, 21, 0, 0, 0, 0, 0, 0, 1, 0, 0, 0, 1, -0.301727, -0.283551, -0.308998, -0.319904, -0.305363, -0.250834, 3.36263, -0.265375, -0.258104, -0.254469, 1, 0.083, 0.078, 0.085, 0.088, 0.084, 0.069, 0.075, 0.073, 0.071, 0.07, 6, 0.0458471, 
2, 51, 4, 0, 0, 0, 0, 0, 1, 0, 0, 0, 0, 1, -0.0867613, -0.0371834, -0.0371834, -0.0867613, -0.0619723, 12.3201, -0.11155, -0.123945, -0.0991557, -0.123945, 1, 0.007, 0.003, 0.003, 0.007, 0.005, 0.006, 0.009, 0.01, 0.008, 0.01, 41, 0.00196783, 
3, 51, 23, 0, 0, 1, 0, 0, 0, 0, 0, 0, 0, 1, -0.237464, -0.311672, 3.44694, -0.278278, -0.304251, -0.263437, -0.256016, -0.285699, -0.281989, -0.230043, 1, 0.064, 0.084, 0.071, 0.075, 0.082, 0.071, 0.069, 0.077, 0.076, 0.062, 55, 0.00490026, 
2, 51, 30, 0, 0, 0, 0, 0, 0, 0, 2, 0, 1, 1, -0.524623, -0.533017, -0.520426, -0.455373, -0.455373, -0.518328, -0.474259, 3.65557, -0.54351, 1.63263, 1, 0.25, 0.254, 0.248, 0.217, 0.217, 0.247, 0.226, 0.258, 0.259, 0.222, 125, 0.00381226, 
2, 51, 47, 0, 0, 0, 0, 0, 2, 0, 0, 0, 0, 1, -0.564491, -0.470722, -0.526984, -0.515731, -0.558865, 3.24817, -0.596373, -0.549488, -0.538236, -0.538236, 1, 0.301, 0.251, 0.281, 0.275, 0.298, 0.268, 0.318, 0.293, 0.287, 0.287, 281, 0.00189759, 
2, 51, 50, 0, 0, 0, 0, 0, 0, 0, 0, 0, 2, 1, -0.314985, -0.423261, -0.413418, -0.440487, -0.396192, -0.442947, -0.452791, -0.470016, -0.398653, 4.42947, 1, 0.128, 0.172, 0.168, 0.179, 0.161, 0.18, 0.184, 0.191, 0.162, 0.2, 75, 0.00541825, 
2, 52, 2, 1, 2, 0, 2, 1, 4, 1, 1, 0, 1, 1, 0.438899, 1.63743, -0.813893, 1.57473, 0.33038, 4.00074, 0.349673, 0.325557, -0.825951, 0.355701, 1, 0.636, 0.642, 0.675, 0.694, 0.726, 0.682, 0.71, 0.73, 0.685, 0.705, 180, 0.00460748, 
3, 52, 7, 0, 0, 1, 1, 0, 0, 0, 0, 0, 0, 1, -0.223071, -0.211013, 5.87822, 5.86616, -0.198955, -0.16881, -0.217042, -0.150723, -0.102492, -0.120579, 1, 0.037, 0.035, 0.025, 0.027, 0.033, 0.028, 0.036, 0.025, 0.017, 0.02, 47, 0.00352908, 
2, 52, 11, 0, 0, 0, 0, 0, 0, 1, 0, 0, 0, 1, -0.2338, -0.229389, -0.220566, -0.211744, -0.273502, -0.207332, 4.19959, -0.242623, -0.26468, -0.189687, 1, 0.053, 0.052, 0.05, 0.048, 0.062, 0.047, 0.048, 0.055, 0.06, 0.043, 55, 0.00412162, 
3, 52, 15, 1, 1, 4, 0, 5, 0, 4, 0, 2, 2, 1, -0.0145347, -0.0145347, 2.88852, -0.973823, 3.86041, -1.02615, 2.92341, -1.03584, 0.92925, 0.907932, 1, 1.015, 1.015, 1.019, 1.005, 1.016, 1.059, 0.983, 1.069, 1.041, 1.063, 204, 0.0050589, 
3, 52, 17, 1, 0, 2, 3, 5, 1, 1, 2, 0, 0, 1, -0.177385, -0.982373, 0.772572, 1.68291, 3.51169, -0.131463, -0.12516, 0.794183, -1.01299, -1.01029, 1, 1.197, 1.091, 1.142, 1.131, 1.1, 1.146, 1.139, 1.118, 1.125, 1.122, 193, 0.00575428, 
1, 52, 23, 0, 1, 0, 0, 0, 0, 1, 0, 0, 0, 1, -0.350938, 3.35792, -0.365715, -0.358326, -0.277057, -0.306609, 3.44289, -0.251198, -0.210563, -0.206869, 1, 0.095, 0.091, 0.099, 0.097, 0.075, 0.083, 0.068, 0.068, 0.057, 0.056, 31, 0.00873235, 
3, 52, 26, 0, 0, 0, 1, 0, 0, 0, 0, 0, 0, 1, -0.221295, -0.221295, -0.154906, 5.38299, -0.199165, -0.193633, -0.165971, -0.149374, -0.221295, -0.182568, 1, 0.04, 0.04, 0.028, 0.027, 0.036, 0.035, 0.03, 0.027, 0.04, 0.033, 24, 0.00753144, 
1, 52, 29, 0, 0, 0, 1, 0, 0, 0, 1, 0, 2, 1, -0.254729, -0.198123, -0.206209, 3.7805, -0.246643, -0.266859, -0.287076, 3.79668, -0.303249, 7.80361, 1, 0.063, 0.049, 0.051, 0.065, 0.061, 0.066, 0.071, 0.061, 0.075, 0.07, 70, 0.00353316, 
3, 52, 33, 1, 0, 0, 1, 0, 0, 0, 0, 0, 0, 1, 4.25683, -0.224753, -0.175308, 4.25234, -0.247229, -0.220258, -0.229249, -0.220258, -0.256219, -0.247229, 1, 0.053, 0.05, 0.039, 0.054, 0.055, 0.049, 0.051, 0.049, 0.057, 0.055, 101, 0.00220263, 
2, 52, 40, 0, 0, 0, 0, 0, 1, 0, 0, 0, 0, 1, -0.278541, -0.243233, -0.200079, -0.247156, -0.258926, 3.64065, -0.255002, -0.282464, -0.294234, -0.306003, 1, 0.071, 0.062, 0.051, 0.063, 0.066, 0.072, 0.065, 0.072, 0.075, 0.078, 99, 0.00257474, 
2, 53, 9, 0, 0, 0, 0, 0, 0, 0, 0, 2, 0, 1, -0.468624, -0.457876, -0.451427, -0.457876, -0.410583, -0.36974, -0.419182, -0.395536, 3.88012, -0.464325, 1, 0.218, 0.213, 0.21, 0.213, 0.191, 0.172, 0.195, 0.184, 0.195, 0.216, 67, 0.00694316, 
3, 53, 17, 0, 0, 3, 0, 1, 0, 1, 0, 0, 1, 1, -0.735001, -0.78052, 3.29746, -0.842105, 0.540875, -0.820684, 0.506066, -0.815329, -0.83675, 0.464564, 1, 0.549, 0.583, 0.537, 0.629, 0.596, 0.613, 0.622, 0.609, 0.625, 0.653, 96, 0.0077806, 
3, 53, 24, 1, 0, 0, 1, 0, 0, 0, 0, 0, 0, 1, 3.48656, -0.284693, -0.266206, 3.46808, -0.325363, -0.317969, -0.28839, -0.329061, -0.299482, -0.269904, 1, 0.057, 0.077, 0.072, 0.062, 0.088, 0.086, 0.078, 0.089, 0.081, 0.073, 60, 0.00450778, 
3, 53, 29, 0, 1, 0, 0, 0, 0, 0, 0, 0, 0, 1, -0.148983, 5.35788, -0.193126, -0.154501, -0.176573, -0.198644, -0.176573, -0.242787, -0.204162, -0.231752, 1, 0.027, 0.029, 0.035, 0.028, 0.032, 0.036, 0.032, 0.044, 0.037, 0.042, 24, 0.00755119, 
2, 53, 44, 0, 0, 0, 0, 0, 0, 0, 0, 1, 0, 1, -0.100041, -0.138518, -0.130822, -0.107736, -0.115431, -0.138518, -0.169299, -0.130822, 7.5723, -0.176995, 1, 0.013, 0.018, 0.017, 0.014, 0.015, 0.018, 0.022, 0.017, 0.016, 0.023, 26, 0.00499797, 
2, 54, 6, 0, 0, 0, 0, 0, 0, 0, 0, 0, 1, 1, -0.299074, -0.237725, -0.268399, -0.287571, -0.283737, -0.260731, -0.199382, -0.24156, -0.276068, 3.61189, 1, 0.078, 0.062, 0.07, 0.075, 0.074, 0.068, 0.052, 0.063, 0.072, 0.058, 90, 0.00289784, 
3, 54, 10, 0, 0, 0, 2, 0, 0, 0, 0, 0, 0, 1, -0.346068, -0.33688, -0.361381, 5.80966, -0.343006, -0.315443, -0.303192, -0.284817, -0.346068, -0.30013, 1, 0.113, 0.11, 0.118, 0.103, 0.112, 0.103, 0.099, 0.093, 0.113, 0.098, 54, 0.00604676, 
3, 54, 17, 2, 0, 5, 2, 0, 0, 2, 1, 0, 2, 1, 0.831014, -1.10866, 3.63138, 0.818568, -1.05791, -1.16323, 0.885585, -0.127333, -1.02058, 0.846332, 1, 1.132, 1.158, 1.207, 1.145, 1.105, 1.215, 1.075, 1.133, 1.066, 1.116, 173, 0.00603762, 
3, 54, 23, 1, 0, 0, 0, 0, 0, 0, 0, 0, 0, 1, 5.61418, -0.166303, -0.252323, -0.13763, -0.166303, -0.194976, -0.200711, -0.172038, -0.217915, -0.177773, 1, 0.021, 0.029, 0.044, 0.024, 0.029, 0.034, 0.035, 0.03, 0.038, 0.031, 16, 0.0108987, 
1, 54, 35, 0, 1, 0, 0, 0, 0, 0, 0, 0, 1, 1, -0.141291, 5.41428, -0.186504, -0.169549, -0.220414, -0.107381, -0.163898, -0.175201, -0.192156, 5.46514, 1, 0.025, 0.042, 0.033, 0.03, 0.039, 0.019, 0.029, 0.031, 0.034, 0.033, 27, 0.00655331, 
3, 54, 40, 0, 1, 0, 0, 0, 0, 0, 0, 0, 0, 1, -0.290544, 3.71737, -0.270643, -0.242783, -0.334324, -0.258703, -0.210943, -0.250743, -0.242783, -0.230843, 1, 0.073, 0.066, 0.068, 0.061, 0.084, 0.065, 0.053, 0.063, 0.061, 0.058, 76, 0.00330596, 
2, 54, 41, 0, 0, 0, 1, 0, 0, 0, 0, 1, 2, 1, -0.527638, -0.527638, -0.541629, 1.53095, -0.517645, -0.487666, -0.487666, -0.545626, 1.47699, 3.44964, 1, 0.264, 0.264, 0.271, 0.234, 0.259, 0.244, 0.244, 0.273, 0.261, 0.274, 146, 0.003427, 
1, 54, 43, 0, 0, 0, 2, 1, 0, 0, 0, 0, 2, 1, -0.533107, -0.551997, -0.562491, 3.68558, 1.60562, -0.468043, -0.497427, -0.461746, -0.444956, 3.72335, 1, 0.254, 0.263, 0.268, 0.244, 0.235, 0.223, 0.237, 0.22, 0.212, 0.226, 104, 0.00458127, 
3, 54, 48, 0, 0, 0, 2, 0, 0, 0, 0, 0, 0, 1, -0.506187, -0.552943, -0.557009, 3.62462, -0.473661, -0.514319, -0.530582, -0.559042, -0.481792, -0.53668, 1, 0.249, 0.272, 0.274, 0.217, 0.233, 0.253, 0.261, 0.275, 0.237, 0.264, 127, 0.00387333, 
3, 55, 4, 0, 0, 0, 1, 0, 0, 0, 0, 0, 0, 1, -0.141175, -0.240521, -0.214377, 5.08231, -0.209148, -0.230063, -0.219606, -0.230063, -0.193462, -0.177776, 1, 0.027, 0.046, 0.041, 0.028, 0.04, 0.044, 0.042, 0.044, 0.037, 0.034, 17, 0.0112501, 
1, 55, 8, 2, 0, 0, 0, 0, 0, 2, 0, 0, 0, 1, 3.61069, -0.577127, -0.47712, -0.487537, -0.504205, -0.443784, 3.67111, -0.554209, -0.47712, -0.495871, 1, 0.267, 0.277, 0.229, 0.234, 0.242, 0.213, 0.238, 0.266, 0.229, 0.238, 80, 0.00599954, 
3, 55, 13, 0, 0, 1, 0, 0, 0, 0, 0, 0, 0, 1, -0.0803736, -0.12056, 7.89269, -0.104486, -0.088411, -0.0964483, -0.168785, -0.168785, -0.168785, -0.144672, 1, 0.01, 0.015, 0.018, 0.013, 0.011, 0.012, 0.021, 0.021, 0.021, 0.018, 35, 0.00355483, 
3, 55, 22, 0, 1, 1, 0, 0, 0, 0, 0, 0, 0, 1, -0.185426, 4.84113, 4.786, -0.135311, -0.210484, -0.190438, -0.220507, -0.205472, -0.225518, -0.290668, 1, 0.037, 0.034, 0.045, 0.027, 0.042, 0.038, 0.044, 0.041, 0.045, 0.058, 54, 0.00369519, 
2, 55, 30, 0, 0, 0, 0, 0, 0, 1, 0, 0, 0, 1, -0.19384, -0.16961, -0.227762, -0.164764, -0.222916, -0.208378, 4.59886, -0.16961, -0.237454, -0.222916, 1, 0.04, 0.035, 0.047, 0.034, 0.046, 0.043, 0.051, 0.035, 0.049, 0.046, 38, 0.00543041, 
1, 55, 31, 0, 0, 0, 0, 1, 0, 0, 0, 0, 1, 1, -0.205468, -0.257842, -0.253813, -0.269928, 3.7226, -0.233669, -0.261871, -0.261871, -0.314245, 3.77497, 1, 0.051, 0.064, 0.063, 0.067, 0.076, 0.058, 0.065, 0.065, 0.078, 0.063, 25, 0.00992856, 
2, 55, 33, 0, 0, 0, 0, 0, 0, 0, 1, 0, 0, 1, -0.173681, -0.100847, -0.168079, -0.190489, -0.179284, -0.23531, -0.145668, 5.38973, -0.2129, -0.240913, 1, 0.031, 0.018, 0.03, 0.034, 0.032, 0.042, 0.026, 0.038, 0.038, 0.043, 66, 0.00270436, 
2, 55, 48, 0, 0, 0, 0, 0, 0, 0, 0, 0, 1, 1, -0.219973, -0.298269, -0.260985, -0.231158, -0.275899, -0.294541, -0.287084, -0.287084, -0.216245, 3.41891, 1, 0.059, 0.08, 0.07, 0.062, 0.074, 0.079, 0.077, 0.077, 0.058, 0.083, 71, 0.00377767, 
2, 56, 5, 0, 0, 0, 0, 0, 1, 0, 0, 0, 0, 1, -0.142973, -0.127923, -0.112874, -0.180598, -0.210697, 7.35183, -0.0902988, -0.112874, -0.127923, -0.0978238, 1, 0.019, 0.017, 0.015, 0.024, 0.028, 0.023, 0.012, 0.015, 0.017, 0.013, 4, 0.033223, 
3, 56, 14, 0, 0, 0, 0, 1, 0, 0, 0, 0, 0, 1, -0.160629, -0.097774, -0.18158, -0.153645, 6.83021, -0.160629, -0.139677, -0.160629, -0.104758, -0.160629, 1, 0.023, 0.014, 0.026, 0.022, 0.022, 0.023, 0.02, 0.023, 0.015, 0.023, 1, 0.143187, 
2, 56, 16, 0, 0, 0, 0, 0, 0, 0, 0, 1, 0, 1, -0.133821, -0.153894, -0.133821, -0.187349, -0.140512, -0.173967, -0.153894, -0.147203, 6.53715, -0.153894, 1, 0.02, 0.023, 0.02, 0.028, 0.021, 0.026, 0.023, 0.022, 0.023, 0.023, 7, 0.0213505, 
3, 56, 17, 0, 1, 0, 0, 0, 0, 0, 0, 0, 0, 1, -0.182402, 6.42314, -0.143316, -0.188916, -0.117258, -0.169373, -0.136801, -0.143316, -0.188916, -0.221488, 1, 0.028, 0.014, 0.022, 0.029, 0.018, 0.026, 0.021, 0.022, 0.029, 0.034, 7, 0.0219296, 
2, 56, 37, 1, 0, 0, 1, 0, 0, 2, 1, 0, 0, 1, 2.03182, -0.442897, -0.422879, 2.07436, -0.415372, -0.385345, 4.65667, 2.15693, -0.410368, -0.370332, 1, 0.188, 0.177, 0.169, 0.171, 0.166, 0.154, 0.139, 0.138, 0.164, 0.148, 7, 0.0570917, 
1, 57, 4, 0, 0, 0, 0, 1, 0, 0, 0, 0, 1, 1, -0.171737, -0.190303, -0.162454, -0.213511, 4.40946, -0.171737, -0.204228, -0.208869, -0.190303, 4.4698, 1, 0.037, 0.041, 0.035, 0.046, 0.05, 0.037, 0.044, 0.045, 0.041, 0.037, 5, 0.0430892, 
2, 57, 12, 0, 0, 0, 0, 0, 0, 0, 1, 0, 0, 1, -0.174695, -0.190577, -0.194547, -0.23425, -0.242191, -0.186606, -0.22631, 3.67257, -0.266013, -0.293806, 1, 0.044, 0.048, 0.049, 0.059, 0.061, 0.047, 0.057, 0.075, 0.067, 0.074, 5, 0.0503734, 
3, 57, 16, 0, 0, 1, 0, 0, 0, 0, 0, 0, 0, 1, -0.218904, -0.204063, 3.48763, -0.241166, -0.241166, -0.285689, -0.237455, -0.259717, -0.263427, -0.248586, 1, 0.059, 0.055, 0.06, 0.065, 0.065, 0.077, 0.064, 0.07, 0.071, 0.067, 5, 0.0539048, 
3, 57, 27, 0, 0, 0, 1, 0, 0, 0, 0, 0, 0, 1, -0.205832, -0.263465, -0.222299, 3.84083, -0.259349, -0.263465, -0.275815, -0.296398, -0.275815, -0.259349, 1, 0.05, 0.064, 0.054, 0.067, 0.063, 0.064, 0.067, 0.072, 0.067, 0.063, 5, 0.0485833, 
3, 58, 2, 0, 0, 0, 0, 2, 0, 0, 0, 0, 0, 1, -0.385487, -0.3774, -0.380096, -0.39627, 4.98438, -0.401662, -0.345052, -0.401662, -0.428619, -0.361226, 1, 0.143, 0.14, 0.141, 0.147, 0.151, 0.149, 0.128, 0.149, 0.159, 0.134, 51, 0.00727371, 
3, 58, 15, 0, 0, 2, 0, 0, 0, 1, 0, 0, 0, 1, -0.495992, -0.478356, 3.97455, -0.458517, -0.48497, -0.462926, 1.78557, -0.515831, -0.447495, -0.449699, 1, 0.225, 0.217, 0.197, 0.208, 0.22, 0.21, 0.19, 0.234, 0.203, 0.204, 54, 0.00840068, 
2, 58, 17, 2, 0, 2, 0, 2, 0, 1, 0, 1, 3, 1, 2.32778, -0.713517, 2.19067, -0.748898, 2.26144, -0.675188, 0.779857, -0.686982, 0.706146, 3.75776, 1, 0.421, 0.484, 0.514, 0.508, 0.466, 0.458, 0.471, 0.466, 0.521, 0.451, 54, 0.0125617, 
1, 58, 22, 1, 0, 0, 0, 0, 0, 1, 0, 0, 0, 1, 5.77105, -0.147976, -0.153895, -0.201247, -0.130219, -0.18349, 5.77105, -0.18349, -0.230842, -0.189409, 1, 0.025, 0.025, 0.026, 0.034, 0.022, 0.031, 0.025, 0.031, 0.039, 0.032, 21, 0.00804508, 
3, 58, 29, 1, 0, 0, 0, 0, 0, 0, 0, 0, 0, 1, 6.72415, -0.136392, -0.115934, -0.156851, -0.129573, -0.143212, -0.150032, -0.163671, -0.218228, -0.211408, 1, 0.014, 0.02, 0.017, 0.023, 0.019, 0.021, 0.022, 0.024, 0.032, 0.031, 25, 0.00586543, 
1, 58, 34, 1, 0, 0, 0, 0, 0, 0, 0, 0, 1, 1, 4.46855, -0.190448, -0.162577, -0.190448, -0.176512, -0.255478, -0.278704, -0.246188, -0.301929, 4.40816, 1, 0.038, 0.041, 0.035, 0.041, 0.038, 0.055, 0.06, 0.053, 0.065, 0.051, 29, 0.00742353, 
3, 58, 43, 0, 1, 0, 0, 0, 0, 0, 0, 0, 0, 1, -0.279797, 3.70132, -0.259812, -0.291788, -0.299783, -0.315771, -0.243823, -0.243823, -0.207849, -0.155887, 1, 0.07, 0.074, 0.065, 0.073, 0.075, 0.079, 0.061, 0.061, 0.052, 0.039, 30, 0.00833937, 
2, 58, 50, 0, 0, 0, 0, 0, 0, 0, 0, 1, 0, 1, -0.255619, -0.244173, -0.324292, -0.236543, -0.255619, -0.312847, -0.206021, -0.247988, 3.54814, -0.305216, 1, 0.067, 0.064, 0.085, 0.062, 0.067, 0.082, 0.054, 0.065, 0.07, 0.08, 21, 0.0124814, 
1, 59, 4, 0, 0, 1, 0, 0, 0, 1, 0, 0, 0, 1, -0.230612, -0.263556, 5.28759, -0.225121, -0.214139, -0.14825, 5.32054, -0.126287, -0.14276, -0.164723, 1, 0.042, 0.048, 0.037, 0.041, 0.039, 0.027, 0.031, 0.023, 0.026, 0.03, 25, 0.00728498, 
2, 59, 6, 0, 0, 0, 0, 0, 0, 0, 0, 1, 0, 1, -0.236285, -0.191473, -0.211842, -0.207768, -0.256655, -0.215916, -0.268876, -0.268876, 3.80093, -0.325911, 1, 0.058, 0.047, 0.052, 0.051, 0.063, 0.053, 0.066, 0.066, 0.067, 0.08, 93, 0.00263942, 
2, 59, 10, 0, 0, 0, 0, 0, 0, 0, 0, 1, 0, 1, -0.195336, -0.184777, -0.15838, -0.190056, -0.205894, -0.163659, -0.15838, -0.232291, 5.01537, -0.216453, 1, 0.037, 0.035, 0.03, 0.036, 0.039, 0.031, 0.03, 0.044, 0.05, 0.041, 70, 0.00270597, 
2, 59, 29, 0, 0, 0, 0, 0, 0, 0, 1, 0, 0, 1, -0.217435, -0.234489, -0.234489, -0.251542, -0.225962, -0.255806, -0.264333, 3.98204, -0.264333, -0.225962, 1, 0.051, 0.055, 0.055, 0.059, 0.053, 0.06, 0.062, 0.066, 0.062, 0.053, 45, 0.00521229, 
2, 59, 31, 0, 0, 0, 0, 0, 0, 2, 0, 0, 0, 1, -0.264002, -0.223101, -0.278876, -0.278876, -0.330933, -0.312341, 7.15409, -0.293749, -0.234256, -0.264002, 1, 0.071, 0.06, 0.075, 0.075, 0.089, 0.084, 0.076, 0.079, 0.063, 0.071, 50, 0.00537874, 
3, 59, 35, 0, 0, 0, 0, 1, 0, 0, 0, 0, 0, 1, -0.229849, -0.25858, -0.151865, -0.242163, 3.88281, -0.279103, -0.242163, -0.192909, -0.217536, -0.22164, 1, 0.056, 0.063, 0.037, 0.059, 0.054, 0.068, 0.059, 0.047, 0.053, 0.054, 24, 0.0101516, 
1, 59, 40, 0, 0, 0, 0, 1, 0, 0, 1, 0, 0, 1, -0.285986, -0.294397, -0.235518, -0.252341, 3.97436, -0.214489, -0.189255, 3.96595, -0.206078, -0.248135, 1, 0.068, 0.07, 0.056, 0.06, 0.055, 0.051, 0.045, 0.057, 0.049, 0.059, 80, 0.00297217, 
2, 59, 42, 0, 0, 0, 0, 0, 0, 1, 0, 0, 0, 1, -0.215377, -0.261529, -0.242299, -0.326911, -0.230761, -0.280759, 3.48064, -0.323065, -0.269221, -0.230761, 1, 0.056, 0.068, 0.063, 0.085, 0.06, 0.073, 0.095, 0.084, 0.07, 0.06, 43, 0.00604674, 
2, 59, 48, 1, 0, 0, 0, 0, 0, 2, 1, 1, 0, 1, 1.64031, -0.403553, -0.489886, -0.431661, -0.4417, -0.481855, 3.51152, 1.47166, 1.51784, -0.556141, 1, 0.183, 0.201, 0.244, 0.215, 0.22, 0.24, 0.251, 0.267, 0.244, 0.277, 140, 0.00355768, 
2, 60, 11, 0, 0, 0, 0, 1, 0, 0, 2, 0, 0, 1, -0.443088, -0.437966, -0.409793, -0.42516, 2.16422, -0.414915, -0.376497, 4.72286, -0.399548, -0.389303, 1, 0.173, 0.171, 0.16, 0.166, 0.155, 0.162, 0.147, 0.156, 0.156, 0.152, 111, 0.00351749, 
2, 60, 13, 0, 0, 1, 1, 0, 0, 2, 0, 1, 0, 1, -0.520353, -0.498506, 1.46374, 1.50545, -0.506451, -0.504465, 3.43393, -0.548158, 1.40019, -0.5422, 1, 0.262, 0.251, 0.263, 0.242, 0.255, 0.254, 0.271, 0.276, 0.295, 0.273, 238, 0.00211556, 
2, 60, 17, 4, 5, 5, 4, 2, 1, 7, 4, 10, 3, 1, 0.312316, 0.813849, 0.756331, 0.22147, -0.817074, -1.32828, 1.81261, 0.246735, 3.52578, -0.275762, 1, 3.419, 3.486, 3.593, 3.588, 3.52, 3.471, 3.628, 3.541, 3.441, 3.513, 545, 0.00341339, 
2, 60, 19, 0, 3, 2, 0, 4, 1, 1, 0, 6, 0, 1, -1.3097, 0.938973, 0.189922, -1.32338, 1.68423, -0.556091, -0.569765, -1.353, 3.23171, -1.33933, 1, 1.724, 1.764, 1.75, 1.742, 1.783, 1.732, 1.75, 1.781, 1.746, 1.763, 537, 0.00245127, 
3, 60, 43, 0, 1, 0, 0, 6, 0, 1, 1, 1, 2, 1, -0.896968, 0.139504, -0.958001, -0.900238, 5.59869, -0.8828, 0.170021, 0.166751, 0.186369, 1.24355, 1, 0.823, 0.872, 0.879, 0.826, 0.863, 0.81, 0.844, 0.847, 0.829, 0.859, 346, 0.00265184, 
3, 61, 4, 0, 0, 0, 1, 0, 0, 0, 0, 0, 0, 1, -0.110065, -0.181607, -0.198117, 5.32715, -0.264156, -0.214627, -0.214627, -0.181607, -0.148588, -0.214627, 1, 0.02, 0.033, 0.036, 0.032, 0.048, 0.039, 0.039, 0.033, 0.027, 0.039, 22, 0.00825957, 
2, 61, 23, 0, 0, 0, 0, 0, 0, 0, 1, 0, 0, 1, -0.254283, -0.197776, -0.129967, -0.118665, -0.186474, -0.186474, -0.203426, 5.48121, -0.209077, -0.180824, 1, 0.045, 0.035, 0.023, 0.021, 0.033, 0.033, 0.036, 0.03, 0.037, 0.032, 28, 0.00632029, 
3, 61, 25, 0, 2, 0, 0, 0, 1, 0, 1, 0, 0, 1, -0.530455, 3.77141, -0.487329, -0.491641, -0.472234, 1.67115, -0.523986, 1.67546, -0.418326, -0.495954, 1, 0.246, 0.251, 0.226, 0.228, 0.219, 0.225, 0.243, 0.223, 0.194, 0.23, 144, 0.0032205, 
2, 61, 36, 0, 0, 0, 0, 0, 1, 0, 0, 0, 0, 1, -0.362371, -0.255791, -0.351713, -0.270002, -0.270002, 3.26845, -0.287765, -0.316187, -0.220265, -0.309081, 1, 0.102, 0.072, 0.099, 0.076, 0.076, 0.08, 0.081, 0.089, 0.062, 0.087, 56, 0.00502642, 
3, 62, 8, 0, 0, 1, 0, 0, 0, 0, 0, 0, 0, 1, -0.227433, -0.188721, 4.63092, -0.188721, -0.212916, -0.232272, -0.203238, -0.246789, -0.212916, -0.222594, 1, 0.047, 0.039, 0.043, 0.039, 0.044, 0.048, 0.042, 0.051, 0.044, 0.046, 6, 0.0344424, 
3, 62, 13, 0, 0, 0, 0, 1, 0, 0, 0, 0, 0, 1, -0.180281, -0.201743, -0.21462, -0.24896, 4.06491, -0.283299, -0.227498, -0.300469, -0.279006, -0.330515, 1, 0.042, 0.047, 0.05, 0.058, 0.053, 0.066, 0.053, 0.07, 0.065, 0.077, 6, 0.0388282, 
1, 62, 16, 1, 0, 0, 0, 0, 1, 0, 0, 0, 0, 1, 3.96551, -0.265474, -0.319398, -0.25303, -0.215697, 3.895, -0.306954, -0.31525, -0.236437, -0.215697, 1, 0.044, 0.064, 0.077, 0.061, 0.052, 0.061, 0.074, 0.076, 0.057, 0.052, 8, 0.0301348, 
3, 62, 19, 1, 0, 0, 0, 0, 0, 0, 0, 0, 0, 1, 8.74369, -0.0983442, -0.107285, -0.125165, -0.178808, -0.0983442, -0.0894038, -0.116225, -0.071523, -0.0804634, 1, 0.022, 0.011, 0.012, 0.014, 0.02, 0.011, 0.01, 0.013, 0.008, 0.009, 8, 0.0139815, 
2, 63, 19, 1, 1, 0, 0, 2, 1, 1, 4, 1, 0, 1, 0.223837, 0.167324, -0.916402, -0.910861, 1.28983, 0.236026, 0.25708, 3.51712, 0.189486, -0.843267, 1, 0.798, 0.849, 0.827, 0.822, 0.836, 0.787, 0.768, 0.826, 0.829, 0.761, 213, 0.00423682, 
2, 63, 24, 1, 0, 1, 0, 0, 0, 3, 0, 1, 0, 1, 1.12788, -0.566524, 1.12444, -0.568246, -0.557914, -0.602685, 4.56147, -0.621627, 1.0745, -0.549304, 1, 0.345, 0.329, 0.347, 0.33, 0.324, 0.35, 0.351, 0.361, 0.376, 0.319, 140, 0.0041481, 
3, 63, 25, 0, 0, 0, 2, 0, 0, 0, 0, 0, 0, 1, -0.477249, -0.424752, -0.40089, 4.33342, -0.398503, -0.412821, -0.391345, -0.36271, -0.453387, -0.419979, 1, 0.2, 0.178, 0.168, 0.184, 0.167, 0.173, 0.164, 0.152, 0.19, 0.176, 136, 0.00308138, 
3, 63, 31, 0, 0, 1, 0, 0, 0, 0, 0, 0, 0, 1, -0.209661, -0.205002, 4.47743, -0.246934, -0.256253, -0.181706, -0.200343, -0.21432, -0.260912, -0.228298, 1, 0.045, 0.044, 0.039, 0.053, 0.055, 0.039, 0.043, 0.046, 0.056, 0.049, 82, 0.00261746, 
2, 63, 36, 0, 0, 0, 0, 0, 0, 1, 0, 0, 0, 1, -0.0907897, -0.157369, -0.121053, -0.181579, -0.121053, -0.217895, 5.81659, -0.211843, -0.193685, -0.169474, 1, 0.015, 0.026, 0.02, 0.03, 0.02, 0.036, 0.039, 0.035, 0.032, 0.028, 46, 0.00359168, 
2, 63, 46, 0, 0, 0, 0, 0, 2, 0, 0, 0, 0, 1, -0.55022, -0.591783, -0.534386, -0.577929, -0.621471, 3.38049, -0.528448, -0.544282, -0.546261, -0.457197, 1, 0.278, 0.299, 0.27, 0.292, 0.314, 0.292, 0.267, 0.275, 0.276, 0.231, 118, 0.0042818, 
3, 63, 48, 1, 0, 0, 2, 1, 0, 1, 1, 0, 1, 1, 1.62696, -0.453551, -0.538851, 3.67626, 1.60199, -0.484758, 1.61863, 1.52709, -0.470195, 1.63736, 1, 0.218, 0.218, 0.259, 0.233, 0.23, 0.233, 0.222, 0.266, 0.226, 0.213, 161, 0.00298542, 
2, 64, 4, 0, 0, 0, 0, 0, 0, 0, 1, 0, 0, 1, -0.156166, -0.114522, -0.0416443, -0.114522, -0.0728775, -0.0832886, -0.104111, 10.3486, -0.135344, -0.114522, 1, 0.015, 0.011, 0.004, 0.011, 0.007, 0.008, 0.01, 0.006, 0.013, 0.011, 2, 0.0480258, 
2, 64, 12, 0, 0, 0, 0, 0, 0, 0, 1, 0, 0, 1, -0.236997, -0.250164, -0.315996, -0.236997, -0.236997, -0.210664, -0.250164, 4.17378, -0.210664, -0.254552, 1, 0.054, 0.057, 0.072, 0.054, 0.054, 0.048, 0.057, 0.049, 0.048, 0.058, 2, 0.113925, 
3, 64, 27, 0, 1, 0, 0, 0, 0, 0, 0, 0, 0, 1, -0.283968, 4.16634, -0.288405, -0.244035, -0.261783, -0.226287, -0.244035, -0.17748, -0.208539, -0.190791, 1, 0.064, 0.061, 0.065, 0.055, 0.059, 0.051, 0.055, 0.04, 0.047, 0.043, 2, 0.112689, 
2, 64, 28, 0, 0, 0, 0, 0, 0, 0, 0, 0, 1, 1, -0.0983029, -0.137624, -0.13107, -0.13107, -0.170392, -0.170392, -0.157285, -0.183499, -0.203159, 6.35692, 1, 0.015, 0.021, 0.02, 0.02, 0.026, 0.026, 0.024, 0.028, 0.031, 0.03, 2, 0.0762948, 
