2, 1, 6, 0, 0, 0, 0, 0, 0, 0, 0, 1, 0, 1, -0.130834, -0.139556, -0.104667, -0.139556, -0.104667, -0.0785005, -0.122112, -0.104667, 8.59145, -0.11339, 1, 0.015, 0.016, 0.012, 0.016, 0.012, 0.009, 0.014, 0.012, 0.015, 0.013, 3, 0.0382163, 
2, 1, 8, 0, 0, 0, 0, 0, 0, 0, 1, 0, 0, 1, -0.0799148, -0.0879062, -0.127864, -0.151838, -0.167821, -0.0958977, -0.191795, 7.89558, -0.15983, -0.111881, 1, 0.01, 0.011, 0.016, 0.019, 0.021, 0.012, 0.024, 0.012, 0.02, 0.014, 4, 0.0312833, 
3, 1, 12, 0, 0, 0, 1, 0, 0, 0, 0, 0, 0, 1, -0.258416, -0.180891, -0.228267, 4.09159, -0.271337, -0.254109, -0.193812, -0.262723, -0.245495, -0.258416, 1, 0.06, 0.042, 0.053, 0.05, 0.063, 0.059, 0.045, 0.061, 0.057, 0.06, 5, 0.0464367, 
3, 1, 28, 0, 0, 0, 1, 1, 0, 0, 0, 0, 0, 1, -0.221008, -0.195894, -0.190871, 4.85214, 4.822, -0.2411, -0.185848, -0.226031, -0.221008, -0.20594, 1, 0.044, 0.039, 0.038, 0.034, 0.04, 0.048, 0.037, 0.045, 0.044, 0.041, 4, 0.0497719, 
2, 2, 4, 0, 0, 0, 0, 0, 0, 0, 0, 0, 1, 1, -0.273303, -0.285016, -0.320155, -0.300633, -0.300633, -0.242068, -0.269398, -0.238164, -0.245972, 3.65445, 1, 0.07, 0.073, 0.082, 0.077, 0.077, 0.062, 0.069, 0.061, 0.063, 0.064, 25, 0.0102451, 
3, 2, 18, 0, 0, 1, 3, 0, 0, 0, 0, 0, 2, 1, -0.735261, -0.652581, 0.779554, 3.78852, -0.670299, -0.615671, -0.704256, -0.645199, -0.686539, 2.22055, 1, 0.498, 0.442, 0.472, 0.434, 0.454, 0.417, 0.477, 0.437, 0.465, 0.496, 168, 0.00403161, 
3, 2, 29, 0, 0, 0, 0, 1, 0, 0, 0, 0, 0, 1, -0.258435, -0.302237, -0.271576, -0.236534, 4.11744, -0.210252, -0.192731, -0.210252, -0.183971, -0.223393, 1, 0.059, 0.069, 0.062, 0.054, 0.06, 0.048, 0.044, 0.048, 0.042, 0.051, 49, 0.00465913, 
1, 2, 34, 1, 0, 0, 0, 0, 0, 1, 0, 0, 0, 1, 3.42808, -0.290011, -0.249112, -0.316037, -0.286293, -0.219367, 3.43551, -0.316037, -0.245394, -0.27142, 1, 0.078, 0.078, 0.067, 0.085, 0.077, 0.059, 0.076, 0.085, 0.066, 0.073, 69, 0.00389791, 
2, 2, 47, 0, 0, 0, 1, 0, 2, 0, 0, 0, 0, 1, -0.511554, -0.475302, -0.53975, 1.50647, -0.473288, 3.54261, -0.497456, -0.51961, -0.527666, -0.503498, 1, 0.254, 0.236, 0.268, 0.252, 0.235, 0.241, 0.247, 0.258, 0.262, 0.25, 133, 0.00373328, 
3, 2, 50, 2, 1, 1, 0, 0, 0, 0, 0, 0, 0, 1, 5.47028, 2.63308, 2.54561, -0.355743, -0.265349, -0.23619, -0.282845, -0.268265, -0.259518, -0.268265, 1, 0.124, 0.097, 0.127, 0.122, 0.091, 0.081, 0.097, 0.092, 0.089, 0.092, 40, 0.0085736, 
3, 3, 5, 1, 2, 0, 1, 0, 1, 0, 0, 0, 0, 1, 1.42771, 3.34218, -0.4561, 1.4507, -0.494427, 1.50436, -0.47718, -0.504009, -0.509759, -0.454183, 1, 0.255, 0.256, 0.238, 0.243, 0.258, 0.215, 0.249, 0.263, 0.266, 0.237, 87, 0.00599788, 
3, 3, 10, 0, 1, 0, 0, 0, 0, 0, 0, 0, 0, 1, -0.217878, 4.10482, -0.278884, -0.239666, -0.261453, -0.257096, -0.17866, -0.19609, -0.222235, -0.183017, 1, 0.05, 0.058, 0.064, 0.055, 0.06, 0.059, 0.041, 0.045, 0.051, 0.042, 35, 0.00655676, 
3, 3, 20, 0, 0, 2, 0, 0, 1, 0, 1, 0, 0, 1, -0.345139, -0.412856, 3.95599, -0.489311, -0.519893, 1.69511, -0.465282, 1.61647, -0.500233, -0.561397, 1, 0.158, 0.189, 0.189, 0.224, 0.238, 0.224, 0.213, 0.26, 0.229, 0.257, 85, 0.00538573, 
3, 3, 22, 0, 0, 0, 1, 0, 0, 0, 0, 0, 0, 1, -0.288109, -0.208774, -0.283933, 3.89573, -0.283933, -0.17537, -0.229652, -0.229652, -0.242178, -0.208774, 1, 0.069, 0.05, 0.068, 0.067, 0.068, 0.042, 0.055, 0.055, 0.058, 0.05, 56, 0.00427666, 
2, 3, 31, 0, 0, 0, 0, 0, 0, 0, 0, 0, 1, 1, -0.255414, -0.205168, -0.209356, -0.297285, -0.293098, -0.184233, -0.221917, -0.238665, -0.288911, 3.95682, 1, 0.061, 0.049, 0.05, 0.071, 0.07, 0.044, 0.053, 0.057, 0.069, 0.055, 44, 0.00542791, 
3, 3, 33, 1, 0, 0, 0, 0, 0, 1, 1, 0, 0, 1, 3.23792, -0.310674, -0.210568, -0.355549, -0.300318, -0.283059, 3.11365, 3.13781, -0.369357, -0.341742, 1, 0.062, 0.09, 0.061, 0.103, 0.087, 0.082, 0.098, 0.091, 0.107, 0.099, 64, 0.00452645, 
1, 3, 40, 0, 0, 1, 0, 0, 0, 0, 0, 1, 0, 1, -0.225662, -0.225662, 3.67394, -0.23358, -0.320678, -0.249416, -0.277129, -0.289006, 3.72541, -0.245457, 1, 0.057, 0.057, 0.072, 0.059, 0.081, 0.063, 0.07, 0.073, 0.059, 0.062, 64, 0.00394672, 
2, 3, 44, 0, 0, 0, 0, 0, 0, 1, 0, 0, 0, 1, -0.0607627, -0.0520823, -0.112845, -0.0781235, -0.0954843, -0.147567, 8.5415, -0.164927, -0.138886, -0.234371, 1, 0.007, 0.006, 0.013, 0.009, 0.011, 0.017, 0.016, 0.019, 0.016, 0.027, 26, 0.00443085, 
2, 3, 50, 0, 0, 0, 0, 0, 0, 0, 0, 0, 1, 1, -0.254131, -0.195806, -0.237467, -0.166643, -0.279127, -0.249965, -0.258297, -0.274961, -0.283293, 3.86612, 1, 0.061, 0.047, 0.057, 0.04, 0.067, 0.06, 0.062, 0.066, 0.068, 0.072, 29, 0.00827703, 
2, 4, 3, 0, 0, 0, 0, 0, 0, 0, 1, 0, 0, 1, -0.0684376, -0.0570313, -0.0798439, -0.102656, -0.159688, -0.0798439, -0.0912501, 11.3036, -0.0684376, -0.0912501, 1, 0.006, 0.005, 0.007, 0.009, 0.014, 0.007, 0.008, 0.009, 0.006, 0.008, 1, 0.0876711, 
2, 4, 16, 0, 0, 0, 0, 0, 1, 0, 0, 0, 0, 1, -0.0848992, -0.103766, -0.132065, -0.141499, -0.122632, 9.30117, -0.113199, -0.103766, -0.0848992, -0.0660327, 1, 0.009, 0.011, 0.014, 0.015, 0.013, 0.014, 0.012, 0.011, 0.009, 0.007, 1, 0.106008, 
3, 4, 17, 0, 1, 0, 0, 0, 0, 0, 0, 0, 0, 1, -0.161242, 7.20457, -0.131925, -0.117267, -0.1759, -0.161242, -0.168571, -0.131925, -0.124596, -0.102608, 1, 0.022, 0.017, 0.018, 0.016, 0.024, 0.022, 0.023, 0.018, 0.017, 0.014, 1, 0.136441, 
3, 4, 18, 0, 0, 1, 0, 0, 0, 0, 0, 0, 0, 1, -0.163803, -0.143328, 6.518, -0.245705, -0.116027, -0.177453, -0.150153, -0.0819016, -0.102377, -0.0819016, 1, 0.024, 0.021, 0.045, 0.036, 0.017, 0.026, 0.022, 0.012, 0.015, 0.012, 1, 0.146517, 
1, 5, 6, 0, 0, 1, 1, 0, 0, 0, 1, 0, 0, 1, -0.207392, -0.197276, 4.91672, 4.84084, -0.197276, -0.237743, -0.217509, 4.88637, -0.202334, -0.202334, 1, 0.041, 0.039, 0.028, 0.043, 0.039, 0.047, 0.043, 0.034, 0.04, 0.04, 45, 0.00439317, 
1, 5, 9, 0, 1, 0, 0, 0, 0, 1, 0, 0, 0, 1, -0.192676, 4.53963, -0.169179, -0.220872, -0.220872, -0.263167, 4.47384, -0.310161, -0.216173, -0.258467, 1, 0.041, 0.034, 0.036, 0.047, 0.047, 0.056, 0.048, 0.066, 0.046, 0.055, 46, 0.00462593, 
3, 5, 13, 0, 1, 0, 0, 0, 0, 0, 0, 0, 0, 1, -0.248113, 3.82921, -0.27706, -0.306006, -0.264654, -0.272924, -0.239843, -0.248113, -0.19022, -0.140597, 1, 0.06, 0.074, 0.067, 0.074, 0.064, 0.066, 0.058, 0.06, 0.046, 0.034, 32, 0.00755704, 
1, 5, 20, 2, 0, 0, 0, 0, 1, 2, 0, 0, 1, 1, 4.03376, -0.424131, -0.4873, -0.512116, -0.435411, 1.84542, 4.20522, -0.356451, -0.379011, 1.86798, 1, 0.212, 0.188, 0.216, 0.227, 0.193, 0.182, 0.136, 0.158, 0.168, 0.172, 57, 0.00777648, 
3, 5, 22, 0, 1, 0, 0, 0, 0, 0, 0, 0, 0, 1, -0.189452, 3.62665, -0.270646, -0.235848, -0.309309, -0.313176, -0.266779, -0.286111, -0.274512, -0.262913, 1, 0.049, 0.062, 0.07, 0.061, 0.08, 0.081, 0.069, 0.074, 0.071, 0.068, 34, 0.00760708, 
2, 5, 26, 0, 0, 0, 0, 0, 0, 1, 0, 0, 0, 1, -0.0925603, -0.0925603, -0.0694202, -0.0694202, -0.10413, -0.12727, 11.5469, -0.10413, -0.12727, -0.0925603, 1, 0.008, 0.008, 0.006, 0.006, 0.009, 0.011, 0.002, 0.009, 0.011, 0.008, 11, 0.00785728, 
3, 5, 27, 1, 0, 1, 0, 2, 0, 0, 0, 1, 1, 1, 2.08989, -0.375236, 2.04764, -0.400086, 4.5401, -0.385176, -0.429906, -0.427421, 2.04764, 2.06504, 1, 0.159, 0.151, 0.176, 0.161, 0.173, 0.155, 0.173, 0.172, 0.176, 0.169, 78, 0.00515915, 
2, 5, 34, 1, 0, 0, 0, 0, 2, 0, 0, 0, 0, 1, 2.39834, -0.298756, -0.362379, -0.312587, -0.409406, 5.15077, -0.367912, -0.390042, -0.40664, -0.431536, 1, 0.133, 0.108, 0.131, 0.113, 0.148, 0.138, 0.133, 0.141, 0.147, 0.156, 41, 0.00881706, 
3, 5, 36, 1, 0, 0, 0, 0, 0, 0, 0, 0, 0, 1, 3.67824, -0.258471, -0.230636, -0.326071, -0.262448, -0.246542, -0.218706, -0.242565, -0.246542, -0.242565, 1, 0.075, 0.065, 0.058, 0.082, 0.066, 0.062, 0.055, 0.061, 0.062, 0.061, 20, 0.0125739, 
2, 5, 43, 0, 1, 0, 0, 1, 1, 2, 1, 0, 0, 1, -0.477354, 2.08843, -0.410226, -0.380392, 2.09091, 2.03621, 4.56221, 2.10334, -0.365474, -0.365474, 1, 0.192, 0.16, 0.165, 0.153, 0.159, 0.181, 0.165, 0.154, 0.147, 0.147, 66, 0.0060942, 
1, 6, 2, 0, 0, 1, 0, 0, 0, 0, 0, 1, 0, 1, -0.0875524, -0.159186, 7.83992, -0.127349, -0.167145, -0.127349, -0.127349, -0.135308, 7.87175, -0.151227, 1, 0.011, 0.02, 0.015, 0.016, 0.021, 0.016, 0.016, 0.017, 0.011, 0.019, 11, 0.0114217, 
3, 6, 5, 1, 0, 0, 0, 0, 0, 0, 0, 0, 0, 1, 11.0179, -0.111292, -0.0667752, -0.13355, -0.122421, -0.0667752, -0.0333876, -0.122421, -0.0890335, -0.0779043, 1, 0.01, 0.01, 0.006, 0.012, 0.011, 0.006, 0.003, 0.011, 0.008, 0.007, 4, 0.0224634, 
2, 6, 18, 0, 0, 0, 0, 0, 0, 1, 0, 0, 0, 1, -0.279635, -0.337892, -0.24468, -0.24468, -0.256332, -0.299054, 3.6469, -0.209726, -0.275751, -0.275751, 1, 0.072, 0.087, 0.063, 0.063, 0.066, 0.077, 0.061, 0.054, 0.071, 0.071, 11, 0.0234072, 
2, 6, 20, 0, 0, 0, 0, 0, 0, 0, 1, 0, 0, 1, -0.236766, -0.201833, -0.225122, -0.283343, -0.368734, -0.252292, -0.326039, 3.58254, -0.318276, -0.287225, 1, 0.061, 0.052, 0.058, 0.073, 0.095, 0.065, 0.084, 0.077, 0.082, 0.074, 6, 0.0429397, 
3, 6, 24, 0, 0, 0, 0, 1, 0, 0, 0, 0, 0, 1, -0.113293, -0.113293, -0.079305, -0.135951, 11.2613, -0.0906343, -0.079305, -0.0906343, -0.0453171, -0.0906343, 1, 0.01, 0.01, 0.007, 0.012, 0.006, 0.008, 0.007, 0.008, 0.004, 0.008, 5, 0.0176534, 
2, 6, 44, 0, 0, 0, 0, 0, 0, 1, 0, 0, 0, 1, -0.108473, -0.115253, -0.0949143, -0.142371, -0.189829, -0.16949, 6.62366, -0.189829, -0.216947, -0.149151, 1, 0.016, 0.017, 0.014, 0.021, 0.028, 0.025, 0.023, 0.028, 0.032, 0.022, 10, 0.0147502, 
2, 6, 50, 0, 0, 0, 0, 0, 0, 0, 0, 0, 1, 1, -0.223249, -0.150844, -0.168945, -0.156878, -0.138776, -0.126709, -0.150844, -0.181013, -0.205148, 5.81654, 1, 0.037, 0.025, 0.028, 0.026, 0.023, 0.021, 0.025, 0.03, 0.034, 0.036, 11, 0.0150667, 
2, 7, 6, 0, 0, 0, 0, 0, 0, 0, 0, 1, 0, 1, -0.217302, -0.16852, -0.243911, -0.221737, -0.25278, -0.190694, -0.270519, -0.226172, 4.17309, -0.221737, 1, 0.049, 0.038, 0.055, 0.05, 0.057, 0.043, 0.061, 0.051, 0.059, 0.05, 24, 0.00939551, 
2, 7, 21, 0, 0, 1, 0, 0, 0, 0, 0, 0, 3, 1, -0.607941, -0.628849, 0.939252, -0.595074, -0.604724, -0.649757, -0.731781, -0.641715, -0.661015, 4.11405, 1, 0.378, 0.391, 0.416, 0.37, 0.376, 0.404, 0.455, 0.399, 0.411, 0.442, 42, 0.0148041, 
3, 7, 30, 0, 0, 1, 0, 0, 0, 0, 0, 0, 0, 1, -0.164812, -0.157945, 6.71608, -0.109875, -0.14421, -0.171679, -0.123609, -0.116742, -0.226616, -0.137343, 1, 0.024, 0.023, 0.022, 0.016, 0.021, 0.025, 0.018, 0.017, 0.033, 0.02, 17, 0.00856592, 
1, 7, 32, 0, 1, 0, 0, 0, 1, 0, 0, 1, 0, 1, -0.298891, 3.68108, -0.291025, -0.298891, -0.294958, 3.70467, -0.275294, -0.192706, 3.71254, -0.279227, 1, 0.076, 0.064, 0.074, 0.076, 0.075, 0.058, 0.07, 0.049, 0.056, 0.071, 29, 0.00876805, 
2, 7, 35, 0, 0, 0, 0, 0, 0, 0, 0, 0, 1, 1, -0.124385, -0.0444234, -0.115501, -0.0977314, -0.0977314, -0.115501, -0.115501, -0.106616, -0.195463, 8.72475, 1, 0.014, 0.005, 0.013, 0.011, 0.011, 0.013, 0.013, 0.012, 0.022, 0.018, 3, 0.0375178, 
3, 7, 43, 0, 1, 0, 0, 0, 0, 0, 0, 0, 0, 1, -0.189272, 4.06074, -0.150557, -0.232288, -0.245193, -0.283907, -0.249494, -0.245193, -0.21078, -0.283907, 1, 0.044, 0.056, 0.035, 0.054, 0.057, 0.066, 0.058, 0.057, 0.049, 0.066, 22, 0.0105668, 
2, 7, 45, 0, 0, 0, 0, 0, 0, 0, 0, 1, 0, 1, -0.104475, -0.104475, -0.0731322, -0.0940271, -0.114922, -0.125369, -0.0940271, -0.0940271, 10.3743, -0.0940271, 1, 0.01, 0.01, 0.007, 0.009, 0.011, 0.012, 0.009, 0.009, 0.007, 0.009, 15, 0.00638114, 
3, 7, 46, 0, 1, 0, 0, 0, 0, 0, 0, 0, 0, 1, -0.25638, 4.81591, -0.175947, -0.30665, -0.226217, -0.165893, -0.17092, -0.160866, -0.196055, -0.216163, 1, 0.051, 0.042, 0.035, 0.061, 0.045, 0.033, 0.034, 0.032, 0.039, 0.043, 24, 0.00828849, 
3, 8, 33, 0, 0, 0, 0, 1, 0, 0, 0, 0, 0, 1, -0.319612, -0.218469, -0.258926, -0.202286, 3.81916, -0.299383, -0.287246, -0.267018, -0.275109, -0.254881, 1, 0.079, 0.054, 0.064, 0.05, 0.056, 0.074, 0.071, 0.066, 0.068, 0.063, 45, 0.00549277, 
3, 8, 45, 0, 1, 0, 0, 0, 0, 0, 0, 0, 0, 1, -0.281883, 3.31755, -0.30718, -0.299953, -0.202378, -0.249358, -0.292725, -0.296339, -0.263814, -0.365003, 1, 0.078, 0.082, 0.085, 0.083, 0.056, 0.069, 0.081, 0.082, 0.073, 0.101, 35, 0.00790601, 
3, 8, 46, 0, 0, 0, 1, 0, 0, 0, 0, 0, 0, 1, -0.299251, -0.291577, -0.1995, 3.59101, -0.272395, -0.283904, -0.280068, -0.287741, -0.299251, -0.237866, 1, 0.078, 0.076, 0.052, 0.064, 0.071, 0.074, 0.073, 0.075, 0.078, 0.062, 35, 0.00744718, 
3, 9, 49, 0, 0, 0, 1, 0, 0, 0, 0, 0, 0, 1, -0.0832856, -0.0832856, -0.0832856, 9.11514, -0.101793, -0.0925395, -0.0832856, -0.129555, -0.148063, -0.101793, 1, 0.009, 0.009, 0.009, 0.015, 0.011, 0.01, 0.009, 0.014, 0.016, 0.011, 3, 0.0360206, 
3, 10, 9, 0, 2, 0, 0, 0, 0, 0, 0, 0, 0, 1, -0.346397, 4.59855, -0.40664, -0.421701, -0.371499, -0.40915, -0.389069, -0.39409, -0.381539, -0.469393, 1, 0.138, 0.168, 0.162, 0.168, 0.148, 0.163, 0.155, 0.157, 0.152, 0.187, 107, 0.00372324, 
1, 10, 22, 0, 0, 0, 1, 0, 1, 0, 0, 0, 1, 1, -0.179476, -0.236582, -0.277372, 3.79347, -0.224345, 3.87505, -0.256977, -0.281451, -0.322241, 3.83018, 1, 0.044, 0.058, 0.068, 0.07, 0.055, 0.05, 0.063, 0.069, 0.079, 0.061, 72, 0.00340498, 
2, 10, 23, 0, 0, 0, 0, 0, 0, 0, 0, 1, 0, 1, -0.239005, -0.262514, -0.258596, -0.293859, -0.297777, -0.286022, -0.219414, -0.286022, 3.67911, -0.266432, 1, 0.061, 0.067, 0.066, 0.075, 0.076, 0.073, 0.056, 0.073, 0.061, 0.068, 24, 0.0106344, 
2, 10, 31, 0, 0, 0, 0, 0, 0, 1, 0, 1, 0, 1, -0.310735, -0.277041, -0.321967, -0.205909, -0.224628, -0.280785, 3.5641, -0.18719, 3.58656, -0.153496, 1, 0.083, 0.074, 0.086, 0.055, 0.06, 0.075, 0.048, 0.05, 0.042, 0.041, 41, 0.00651484, 
3, 10, 33, 1, 0, 0, 0, 0, 0, 0, 0, 0, 0, 1, 3.55806, -0.22906, -0.24433, -0.290142, -0.274871, -0.282507, -0.313048, -0.236695, -0.282507, -0.278689, 1, 0.068, 0.06, 0.064, 0.076, 0.072, 0.074, 0.082, 0.062, 0.074, 0.073, 94, 0.0027866, 
3, 10, 36, 0, 0, 0, 1, 0, 0, 0, 0, 0, 0, 1, -0.241871, -0.262027, -0.211637, 4.86261, -0.161247, -0.236832, -0.201559, -0.171325, -0.256988, -0.131013, 1, 0.048, 0.052, 0.042, 0.035, 0.032, 0.047, 0.04, 0.034, 0.051, 0.026, 34, 0.00583685, 
3, 10, 42, 1, 0, 0, 0, 0, 0, 0, 0, 0, 0, 1, 4.84954, -0.174444, -0.16946, -0.189396, -0.269142, -0.184412, -0.229269, -0.249206, -0.244222, -0.209333, 1, 0.027, 0.035, 0.034, 0.038, 0.054, 0.037, 0.046, 0.05, 0.049, 0.042, 33, 0.00607992, 
3, 10, 44, 0, 0, 0, 1, 0, 0, 0, 0, 0, 0, 1, -0.314043, -0.291875, -0.254929, 3.35841, -0.262318, -0.291875, -0.284486, -0.225372, -0.269707, -0.258623, 1, 0.085, 0.079, 0.069, 0.091, 0.071, 0.079, 0.077, 0.061, 0.073, 0.07, 44, 0.00615145, 
3, 10, 45, 2, 2, 0, 0, 0, 0, 0, 0, 0, 0, 1, 3.3296, 3.2616, -0.611915, -0.586661, -0.557523, -0.512843, -0.491475, -0.520613, -0.487589, -0.505073, 1, 0.286, 0.321, 0.315, 0.302, 0.287, 0.264, 0.253, 0.268, 0.251, 0.26, 95, 0.00541871, 
2, 10, 46, 0, 0, 0, 0, 0, 2, 1, 0, 0, 0, 1, -0.45629, -0.396566, -0.394177, -0.401344, -0.506458, 4.34789, 1.947, -0.413289, -0.427623, -0.470624, 1, 0.191, 0.166, 0.165, 0.168, 0.212, 0.18, 0.185, 0.173, 0.179, 0.197, 89, 0.0047033, 
2, 11, 11, 0, 0, 0, 0, 0, 0, 1, 0, 0, 0, 1, -0.0995289, -0.0663526, -0.116117, -0.0829407, -0.149293, -0.116117, 8.08672, -0.124411, -0.132705, -0.157587, 1, 0.012, 0.008, 0.014, 0.01, 0.018, 0.014, 0.025, 0.015, 0.016, 0.019, 9, 0.0133964, 
2, 11, 46, 0, 0, 0, 0, 0, 0, 1, 1, 0, 0, 1, -0.106873, -0.180862, -0.115094, -0.123315, -0.180862, -0.08221, 8.13879, 8.08124, -0.147978, -0.098652, 1, 0.013, 0.022, 0.014, 0.015, 0.022, 0.01, 0.01, 0.017, 0.018, 0.012, 7, 0.0173771, 
3, 12, 5, 0, 1, 2, 0, 3, 0, 2, 1, 2, 0, 1, -0.789742, 0.626153, 2.05192, -0.730512, 3.51294, -0.713589, 2.14641, 0.77846, 2.20987, -0.644486, 1, 0.56, 0.556, 0.545, 0.518, 0.509, 0.506, 0.478, 0.448, 0.433, 0.457, 216, 0.00328283, 
2, 12, 7, 0, 0, 0, 0, 0, 0, 0, 0, 0, 1, 1, -0.235927, -0.266868, -0.216589, -0.270736, -0.251398, -0.232059, -0.29781, -0.31328, -0.309412, 3.60079, 1, 0.061, 0.069, 0.056, 0.07, 0.065, 0.06, 0.077, 0.081, 0.08, 0.069, 56, 0.00461705, 
3, 12, 19, 2, 7, 1, 0, 2, 4, 0, 2, 0, 0, 1, 0.67791, 5.23191, -0.270803, -1.10488, 0.645413, 2.46972, -1.07509, 0.597571, -1.15001, -1.19424, 1, 1.249, 1.204, 1.3, 1.224, 1.285, 1.264, 1.191, 1.338, 1.274, 1.323, 308, 0.00359681, 
3, 12, 27, 3, 0, 0, 1, 1, 0, 2, 0, 0, 0, 1, 3.26948, -0.761807, -0.75913, 0.631939, 0.523492, -0.739047, 1.90251, -0.736369, -0.761807, -0.769841, 1, 0.558, 0.569, 0.567, 0.528, 0.609, 0.552, 0.579, 0.55, 0.569, 0.575, 252, 0.00296392, 
2, 12, 39, 0, 0, 0, 0, 0, 0, 0, 1, 0, 0, 1, -0.0654027, -0.112119, -0.130805, -0.158835, -0.130805, -0.121462, -0.0840892, 9.23113, -0.0654027, -0.121462, 1, 0.007, 0.012, 0.014, 0.017, 0.014, 0.013, 0.009, 0.012, 0.007, 0.013, 12, 0.0089191, 
2, 12, 41, 0, 1, 1, 0, 0, 0, 0, 0, 0, 4, 1, -0.799982, 0.527648, 0.528957, -0.768559, -0.788199, -0.832715, -0.900799, -0.820931, -0.831406, 4.50661, 1, 0.611, 0.597, 0.596, 0.587, 0.602, 0.636, 0.688, 0.627, 0.635, 0.558, 264, 0.00289306, 
2, 12, 42, 0, 0, 0, 0, 0, 0, 1, 1, 0, 0, 1, -0.278922, -0.28646, -0.282691, -0.252537, -0.312845, -0.203537, 3.51291, 3.48652, -0.301537, -0.275153, 1, 0.074, 0.076, 0.075, 0.067, 0.083, 0.054, 0.068, 0.075, 0.08, 0.073, 63, 0.00421123, 
2, 12, 45, 0, 1, 2, 0, 0, 0, 3, 1, 2, 0, 1, -0.670678, 0.971102, 2.59015, -0.638199, -0.623584, -0.656063, 4.16048, 0.956487, 2.63399, -0.656063, 1, 0.413, 0.402, 0.405, 0.393, 0.384, 0.404, 0.438, 0.411, 0.378, 0.404, 188, 0.00327551, 
3, 12, 46, 0, 0, 0, 1, 2, 0, 0, 0, 0, 0, 1, -0.421846, -0.415078, -0.378985, 1.82048, 4.12146, -0.455684, -0.514336, -0.505313, -0.489522, -0.469219, 1, 0.187, 0.184, 0.168, 0.193, 0.173, 0.202, 0.228, 0.224, 0.217, 0.208, 148, 0.0029952, 
3, 13, 1, 0, 0, 0, 0, 1, 0, 0, 0, 0, 0, 1, -0.058416, -0.0751063, -0.125177, -0.125177, 8.22831, -0.0917966, -0.183593, -0.225319, -0.108487, -0.150213, 1, 0.007, 0.009, 0.015, 0.015, 0.014, 0.011, 0.022, 0.027, 0.013, 0.018, 8, 0.0149788, 
2, 13, 3, 0, 0, 0, 0, 0, 1, 0, 1, 0, 0, 1, -0.253485, -0.320192, -0.266826, -0.235697, -0.257932, 4.23365, -0.16899, 4.23809, -0.186778, -0.146755, 1, 0.057, 0.072, 0.06, 0.053, 0.058, 0.048, 0.038, 0.047, 0.042, 0.033, 18, 0.0124925, 
1, 13, 12, 0, 2, 0, 0, 0, 2, 0, 0, 0, 1, 1, -0.410219, 4.17967, -0.442125, -0.462636, -0.437567, 4.166, -0.43073, -0.398824, -0.376034, 1.9417, 1, 0.18, 0.166, 0.194, 0.203, 0.192, 0.172, 0.189, 0.175, 0.165, 0.148, 18, 0.0243772, 
1, 13, 15, 1, 0, 0, 0, 0, 0, 1, 0, 0, 1, 1, 3.52338, -0.271324, -0.294252, -0.301895, -0.217823, -0.259859, 3.5616, -0.233109, -0.206359, 3.55778, 1, 0.078, 0.071, 0.077, 0.079, 0.057, 0.068, 0.068, 0.061, 0.054, 0.069, 18, 0.0145378, 
1, 13, 21, 0, 1, 0, 0, 0, 0, 0, 0, 0, 1, 1, -0.280256, 3.67535, -0.280256, -0.300274, -0.272248, -0.25223, -0.248227, -0.248227, -0.276252, 3.80347, 1, 0.07, 0.082, 0.07, 0.075, 0.068, 0.063, 0.062, 0.062, 0.069, 0.05, 18, 0.0138762, 
3, 13, 24, 0, 0, 0, 1, 0, 1, 0, 0, 1, 1, 1, -0.160926, -0.199408, -0.241389, 3.23252, -0.307859, 3.21852, -0.332347, -0.297364, 3.15555, 3.07859, 1, 0.046, 0.057, 0.069, 0.076, 0.088, 0.08, 0.095, 0.085, 0.098, 0.12, 10, 0.0285845, 
3, 14, 3, 1, 2, 0, 0, 0, 0, 0, 0, 0, 0, 1, 2.57406, 5.49133, -0.268846, -0.306027, -0.334628, -0.340348, -0.374669, -0.297447, -0.260266, -0.294587, 1, 0.1, 0.08, 0.094, 0.107, 0.117, 0.119, 0.131, 0.104, 0.091, 0.103, 10, 0.0349642, 
3, 14, 10, 1, 0, 0, 0, 0, 0, 0, 0, 0, 0, 1, 9.90196, -0.120756, -0.120756, -0.0905667, -0.0905667, -0.0704407, -0.10063, -0.130819, -0.0905667, -0.0503148, 1, 0.016, 0.012, 0.012, 0.009, 0.009, 0.007, 0.01, 0.013, 0.009, 0.005, 10, 0.00993743, 
3, 14, 12, 0, 0, 0, 0, 2, 0, 0, 0, 1, 0, 1, -0.261185, -0.264667, -0.299492, -0.330834, 6.66544, -0.28208, -0.257702, -0.334317, 3.21432, -0.28208, 1, 0.075, 0.076, 0.086, 0.095, 0.086, 0.081, 0.074, 0.096, 0.077, 0.081, 11, 0.0261048, 
2, 14, 18, 0, 0, 0, 0, 0, 0, 0, 0, 1, 0, 1, -0.321837, -0.295742, -0.278346, -0.278346, -0.213108, -0.221807, -0.169617, -0.208759, 4.14474, -0.213108, 1, 0.074, 0.068, 0.064, 0.064, 0.049, 0.051, 0.039, 0.048, 0.047, 0.049, 11, 0.0209027, 
3, 14, 19, 0, 0, 0, 0, 1, 0, 0, 0, 0, 0, 1, -0.130637, -0.201398, -0.157853, -0.206841, 5.23091, -0.212285, -0.174182, -0.163296, -0.228614, -0.217728, 1, 0.024, 0.037, 0.029, 0.038, 0.039, 0.039, 0.032, 0.03, 0.042, 0.04, 11, 0.0167014, 
2, 14, 24, 0, 0, 0, 0, 0, 0, 0, 1, 0, 0, 1, -0.188924, -0.0944618, -0.118077, -0.149564, -0.133821, -0.133821, -0.0865899, 7.76161, -0.0787181, -0.165308, 1, 0.024, 0.012, 0.015, 0.019, 0.017, 0.017, 0.011, 0.014, 0.01, 0.021, 4, 0.0317589, 
3, 14, 34, 0, 0, 0, 0, 1, 0, 0, 0, 0, 0, 1, -0.122984, -0.16639, -0.151921, -0.173624, 7.07518, -0.115749, -0.16639, -0.0795777, -0.130218, -0.159155, 1, 0.017, 0.023, 0.021, 0.024, 0.022, 0.016, 0.023, 0.011, 0.018, 0.022, 10, 0.013823, 
3, 14, 40, 0, 0, 1, 0, 0, 0, 0, 0, 0, 0, 1, -0.21849, -0.228895, 5.00967, -0.202884, -0.213288, -0.197682, -0.182075, -0.187278, -0.244501, -0.140458, 1, 0.042, 0.044, 0.037, 0.039, 0.041, 0.038, 0.035, 0.036, 0.047, 0.027, 10, 0.0192228, 
3, 14, 48, 0, 0, 0, 1, 0, 0, 0, 0, 0, 0, 1, -0.274156, -0.243203, -0.336063, 4.18752, -0.243203, -0.203406, -0.243203, -0.190141, -0.198984, -0.21225, 1, 0.062, 0.055, 0.076, 0.053, 0.055, 0.046, 0.055, 0.043, 0.045, 0.048, 10, 0.0226148, 
3, 15, 3, 1, 0, 0, 0, 0, 0, 0, 0, 0, 0, 1, 6.70722, -0.122073, -0.115291, -0.196673, -0.142418, -0.162764, -0.155982, -0.142418, -0.203455, -0.196673, 1, 0.011, 0.018, 0.017, 0.029, 0.021, 0.024, 0.023, 0.021, 0.03, 0.029, 6, 0.0245755, 
3, 15, 16, 2, 0, 1, 0, 0, 1, 0, 0, 0, 0, 1, 4.63199, -0.444267, 2.04464, -0.393782, -0.424073, 2.10522, -0.386209, -0.398831, -0.411452, -0.355919, 1, 0.165, 0.176, 0.19, 0.156, 0.168, 0.166, 0.153, 0.158, 0.163, 0.141, 7, 0.056594, 
3, 15, 17, 1, 0, 0, 0, 0, 0, 0, 0, 0, 0, 1, 4.49081, -0.198124, -0.264165, -0.169821, -0.183972, -0.22171, -0.254731, -0.202841, -0.198124, -0.202841, 1, 0.048, 0.042, 0.056, 0.036, 0.039, 0.047, 0.054, 0.043, 0.042, 0.043, 7, 0.0302841, 
1, 15, 24, 1, 0, 0, 0, 0, 0, 0, 0, 1, 0, 1, 13.0126, -0.0916379, -0.0392734, -0.0785467, -0.0654556, -0.0523645, -0.130911, -0.0916379, 13.0126, -0.0785467, 1, 0.006, 0.007, 0.003, 0.006, 0.005, 0.004, 0.01, 0.007, 0.006, 0.006, 5, 0.0152775, 
3, 15, 41, 0, 0, 0, 0, 1, 0, 0, 0, 0, 0, 1, -0.161344, -0.205853, -0.155781, -0.233671, 5.35217, -0.13909, -0.161344, -0.194726, -0.189162, -0.183598, 1, 0.029, 0.037, 0.028, 0.042, 0.038, 0.025, 0.029, 0.035, 0.034, 0.033, 6, 0.0299567, 
3, 15, 47, 0, 0, 0, 1, 0, 0, 0, 0, 0, 0, 1, -0.136349, -0.109079, -0.154529, 8.99902, -0.0636294, -0.163619, -0.163619, -0.0636294, -0.0818093, -0.118169, 1, 0.015, 0.012, 0.017, 0.01, 0.007, 0.018, 0.018, 0.007, 0.009, 0.013, 7, 0.015716, 
3, 15, 48, 0, 1, 0, 0, 0, 0, 0, 0, 0, 0, 1, -0.118272, 6.84585, -0.132186, -0.125229, -0.111315, -0.1461, -0.187843, -0.215672, -0.1461, -0.166972, 1, 0.017, 0.016, 0.019, 0.018, 0.016, 0.021, 0.027, 0.031, 0.021, 0.024, 6, 0.0239561, 
2, 17, 6, 0, 0, 0, 0, 0, 0, 0, 0, 1, 0, 1, -0.0924407, -0.0539238, -0.130958, -0.138661, -0.107848, -0.161771, -0.184881, -0.192585, 7.54933, -0.138661, 1, 0.012, 0.007, 0.017, 0.018, 0.014, 0.021, 0.024, 0.025, 0.02, 0.018, 3, 0.043271, 
2, 17, 17, 0, 0, 0, 0, 0, 0, 0, 1, 0, 0, 1, -0.208296, -0.222183, -0.236069, -0.2731, -0.208296, -0.305501, -0.19441, 4.45291, -0.189781, -0.185152, 1, 0.045, 0.048, 0.051, 0.059, 0.045, 0.066, 0.042, 0.038, 0.041, 0.04, 9, 0.0240043, 
2, 17, 49, 0, 0, 0, 0, 0, 0, 1, 0, 0, 0, 1, -0.255132, -0.161791, -0.224018, -0.124455, -0.236464, -0.0995637, 6.08583, -0.230241, -0.112009, -0.0995637, 1, 0.041, 0.026, 0.036, 0.02, 0.038, 0.016, 0.022, 0.037, 0.018, 0.016, 9, 0.0178557, 
3, 18, 19, 0, 0, 0, 0, 1, 0, 0, 0, 0, 0, 1, -0.0677395, -0.0580624, -0.0774166, -0.145156, 9.57062, -0.135479, -0.0967707, -0.0967707, -0.183864, -0.106448, 1, 0.007, 0.006, 0.008, 0.015, 0.011, 0.014, 0.01, 0.01, 0.019, 0.011, 5, 0.0206674, 
1, 18, 21, 0, 2, 0, 0, 0, 1, 0, 0, 0, 0, 1, -0.231554, 7.99276, -0.293578, -0.322522, -0.268769, 3.90335, -0.231554, -0.301848, -0.21088, -0.206745, 1, 0.056, 0.067, 0.071, 0.078, 0.065, 0.056, 0.056, 0.073, 0.051, 0.05, 5, 0.0483688, 
1, 18, 49, 0, 1, 0, 0, 0, 0, 2, 0, 0, 0, 1, -0.122507, 7.10539, -0.0792691, -0.129713, -0.0864754, -0.129713, 14.2468, -0.187363, -0.165744, -0.136919, 1, 0.017, 0.014, 0.011, 0.018, 0.012, 0.018, 0.023, 0.026, 0.023, 0.019, 5, 0.0277536, 
3, 19, 15, 0, 1, 0, 0, 0, 0, 0, 0, 0, 0, 1, -0.237107, 3.92044, -0.204403, -0.212579, -0.138994, -0.159434, -0.175786, -0.245283, -0.204403, -0.253459, 1, 0.058, 0.041, 0.05, 0.052, 0.034, 0.039, 0.043, 0.06, 0.05, 0.062, 12, 0.0203846, 
3, 19, 20, 0, 0, 1, 0, 0, 0, 0, 0, 0, 0, 1, -0.0981246, -0.156999, 6.39773, -0.189708, -0.111208, -0.196249, -0.209333, -0.228957, -0.111208, -0.150458, 1, 0.015, 0.024, 0.022, 0.029, 0.017, 0.03, 0.032, 0.035, 0.017, 0.023, 11, 0.013897, 
2, 19, 45, 0, 0, 0, 0, 0, 0, 0, 0, 1, 0, 1, -0.0916442, -0.0641509, -0.0458221, -0.137466, -0.128302, -0.0916442, -0.183288, -0.109973, 9.04528, -0.174124, 1, 0.01, 0.007, 0.005, 0.015, 0.014, 0.01, 0.02, 0.012, 0.013, 0.019, 9, 0.0121242, 
3, 20, 15, 0, 0, 0, 3, 0, 0, 1, 1, 0, 0, 1, -0.57259, -0.580433, -0.586708, 4.05205, -0.651026, -0.582002, 0.945949, 0.966343, -0.677695, -0.660439, 1, 0.365, 0.37, 0.374, 0.417, 0.415, 0.371, 0.397, 0.384, 0.432, 0.421, 111, 0.00574284, 
2, 20, 28, 1, 0, 1, 1, 1, 4, 0, 1, 1, 1, 1, 0.30449, -0.86194, 0.291608, 0.254132, 0.368901, 3.7991, -0.839689, 0.36773, 0.356019, 0.368901, 1, 0.74, 0.736, 0.751, 0.783, 0.685, 0.756, 0.717, 0.686, 0.696, 0.685, 103, 0.00829017, 
3, 20, 30, 0, 0, 1, 0, 0, 0, 0, 0, 0, 0, 1, -0.136274, -0.190784, 5.29288, -0.201685, -0.185333, -0.245293, -0.218038, -0.163529, -0.190784, -0.223489, 1, 0.025, 0.035, 0.029, 0.037, 0.034, 0.045, 0.04, 0.03, 0.035, 0.041, 28, 0.00655193, 
3, 20, 32, 0, 0, 2, 0, 1, 0, 0, 0, 0, 0, 1, -0.577075, -0.555845, 3.34279, -0.540405, 1.41084, -0.546195, -0.538475, -0.519175, -0.551985, -0.507595, 1, 0.299, 0.288, 0.268, 0.28, 0.269, 0.283, 0.279, 0.269, 0.286, 0.263, 84, 0.00616821, 
1, 20, 34, 0, 1, 0, 0, 0, 0, 0, 0, 1, 0, 1, -0.236948, 4.26953, -0.160946, -0.228007, -0.236948, -0.228007, -0.236948, -0.272714, 4.21589, -0.268243, 1, 0.053, 0.045, 0.036, 0.051, 0.053, 0.051, 0.053, 0.061, 0.057, 0.06, 47, 0.0047591, 
2, 20, 36, 0, 0, 0, 0, 0, 0, 1, 0, 0, 0, 1, -0.194878, -0.204622, -0.277701, -0.219237, -0.209493, -0.258213, 4.64783, -0.155902, -0.194878, -0.160774, 1, 0.04, 0.042, 0.057, 0.045, 0.043, 0.053, 0.046, 0.032, 0.04, 0.033, 20, 0.0102629, 
3, 20, 42, 0, 0, 1, 0, 0, 0, 0, 0, 0, 0, 1, -0.248071, -0.205434, 3.62029, -0.228691, -0.267452, -0.240319, -0.317841, -0.306213, -0.27908, -0.317841, 1, 0.064, 0.053, 0.066, 0.059, 0.069, 0.062, 0.082, 0.079, 0.072, 0.082, 21, 0.0122853, 
3, 20, 45, 0, 0, 1, 0, 0, 0, 0, 0, 0, 0, 1, -0.285285, -0.281848, 3.24812, -0.285285, -0.271536, -0.299033, -0.299033, -0.302471, -0.285285, -0.36434, 1, 0.083, 0.082, 0.055, 0.083, 0.079, 0.087, 0.087, 0.088, 0.083, 0.106, 49, 0.0059375, 
2, 20, 50, 0, 0, 0, 0, 0, 0, 0, 0, 0, 1, 1, -0.296327, -0.296327, -0.307038, -0.299897, -0.292757, -0.332029, -0.246344, -0.274906, -0.264195, 3.29173, 1, 0.083, 0.083, 0.086, 0.084, 0.082, 0.093, 0.069, 0.077, 0.074, 0.078, 50, 0.00560192, 
3, 21, 2, 0, 0, 1, 0, 0, 0, 0, 0, 0, 0, 1, -0.199209, -0.239788, 3.46402, -0.295124, -0.27299, -0.27299, -0.295124, -0.247166, -0.332015, -0.376283, 1, 0.054, 0.065, 0.061, 0.08, 0.074, 0.074, 0.08, 0.067, 0.09, 0.102, 33, 0.00821431, 
2, 21, 6, 0, 0, 0, 0, 0, 0, 0, 0, 1, 0, 1, -0.174039, -0.184586, -0.232051, -0.210956, -0.195134, -0.205682, -0.184586, -0.137121, 5.08931, -0.237325, 1, 0.033, 0.035, 0.044, 0.04, 0.037, 0.039, 0.035, 0.026, 0.035, 0.045, 20, 0.00948066, 
3, 21, 11, 1, 0, 0, 0, 0, 0, 0, 0, 0, 0, 1, 5.40985, -0.195201, -0.195201, -0.200778, -0.211932, -0.167315, -0.178469, -0.195201, -0.145006, -0.189624, 1, 0.03, 0.035, 0.035, 0.036, 0.038, 0.03, 0.032, 0.035, 0.026, 0.034, 18, 0.00996125, 
3, 21, 17, 1, 0, 1, 2, 0, 0, 0, 0, 0, 0, 1, 1.40526, -0.552697, 1.39938, 3.3985, -0.570336, -0.48606, -0.529178, -0.542897, -0.568376, -0.515458, 1, 0.283, 0.282, 0.286, 0.266, 0.291, 0.248, 0.27, 0.277, 0.29, 0.263, 36, 0.0141729, 
1, 21, 21, 3, 0, 0, 1, 1, 1, 0, 0, 3, 0, 1, 3.85494, -0.683479, -0.703093, 0.787585, 0.834358, 0.840393, -0.703093, -0.654812, 3.82779, -0.751374, 1, 0.445, 0.453, 0.466, 0.478, 0.447, 0.443, 0.466, 0.434, 0.463, 0.498, 37, 0.0179131, 
1, 21, 38, 0, 1, 0, 0, 0, 0, 1, 0, 0, 0, 1, -0.243518, 5.77316, -0.160365, -0.160365, -0.124729, -0.178184, 5.83255, -0.178184, -0.213821, -0.213821, 1, 0.041, 0.028, 0.027, 0.027, 0.021, 0.03, 0.018, 0.03, 0.036, 0.036, 31, 0.00543114, 
2, 21, 47, 0, 0, 0, 0, 0, 0, 0, 1, 0, 0, 1, -0.199731, -0.195292, -0.204169, -0.204169, -0.1731, -0.2308, -0.226361, 4.14996, -0.292938, -0.284061, 1, 0.045, 0.044, 0.046, 0.046, 0.039, 0.052, 0.051, 0.065, 0.066, 0.064, 35, 0.00643725, 
3, 21, 50, 0, 0, 1, 0, 0, 0, 0, 0, 0, 0, 1, -0.240659, -0.217955, 4.31823, -0.222496, -0.195251, -0.231577, -0.240659, -0.18617, -0.267903, -0.240659, 1, 0.053, 0.048, 0.049, 0.049, 0.043, 0.051, 0.053, 0.041, 0.059, 0.053, 23, 0.00957518, 
2, 22, 4, 0, 0, 0, 0, 0, 1, 0, 0, 0, 0, 1, -0.289027, -0.342269, -0.334663, -0.273815, -0.334663, 3.52537, -0.250997, -0.197755, -0.300436, -0.250997, 1, 0.076, 0.09, 0.088, 0.072, 0.088, 0.073, 0.066, 0.052, 0.079, 0.066, 4, 0.0657378, 
3, 22, 17, 0, 2, 0, 0, 0, 0, 0, 0, 0, 0, 1, -0.322504, 6.36032, -0.329154, -0.265983, -0.302556, -0.299231, -0.282607, -0.335804, -0.325829, -0.322504, 1, 0.097, 0.087, 0.099, 0.08, 0.091, 0.09, 0.085, 0.101, 0.098, 0.097, 15, 0.0200514, 
3, 22, 20, 0, 0, 1, 0, 0, 0, 0, 0, 0, 0, 1, -0.315039, -0.323222, 3.80911, -0.294582, -0.208662, -0.282308, -0.253668, -0.184114, -0.261851, -0.225028, 1, 0.077, 0.079, 0.069, 0.072, 0.051, 0.069, 0.062, 0.045, 0.064, 0.055, 13, 0.0188011, 
3, 23, 5, 0, 0, 0, 1, 0, 0, 0, 0, 0, 0, 1, -0.120174, -0.075109, -0.0300436, 14.9767, -0.0600872, -0.075109, -0.0600872, -0.0600872, -0.0600872, -0.105153, 1, 0.008, 0.005, 0.002, 0.003, 0.004, 0.005, 0.004, 0.004, 0.004, 0.007, 2, 0.033285, 
3, 23, 12, 0, 1, 0, 0, 0, 0, 0, 0, 0, 0, 1, -0.166513, 6.00063, -0.209683, -0.154178, -0.166513, -0.222017, -0.160346, -0.166513, -0.148011, -0.117176, 1, 0.027, 0.027, 0.034, 0.025, 0.027, 0.036, 0.026, 0.027, 0.024, 0.019, 4, 0.0405374, 
2, 23, 44, 0, 0, 0, 0, 0, 0, 0, 0, 0, 1, 1, -0.0871226, -0.0746765, -0.0497844, -0.112015, -0.0871226, -0.0871226, -0.0497844, -0.112015, -0.0746765, 12.359, 1, 0.007, 0.006, 0.004, 0.009, 0.007, 0.007, 0.004, 0.009, 0.006, 0.007, 1, 0.0803465, 
3, 24, 5, 1, 1, 0, 0, 0, 0, 0, 0, 0, 0, 1, 6.15275, 6.10252, -0.194628, -0.213463, -0.15068, -0.156958, -0.144401, -0.156958, -0.125566, -0.15068, 1, 0.02, 0.028, 0.031, 0.034, 0.024, 0.025, 0.023, 0.025, 0.02, 0.024, 29, 0.00549236, 
2, 24, 25, 0, 0, 0, 0, 0, 0, 0, 1, 0, 1, 1, -0.301529, -0.266285, -0.254537, -0.301529, -0.285865, -0.297613, -0.231042, 3.62226, -0.219294, 3.70841, 1, 0.077, 0.068, 0.065, 0.077, 0.073, 0.076, 0.059, 0.075, 0.056, 0.053, 31, 0.00823759, 
3, 24, 27, 0, 0, 2, 0, 0, 0, 0, 0, 1, 0, 1, -0.480963, -0.510181, 3.95334, -0.487706, -0.402301, -0.442756, -0.465231, -0.467478, 1.84519, -0.469726, 1, 0.214, 0.227, 0.241, 0.217, 0.179, 0.197, 0.207, 0.208, 0.179, 0.209, 48, 0.00926959, 
2, 24, 31, 0, 0, 0, 0, 0, 0, 0, 0, 0, 1, 1, -0.220778, -0.275972, -0.291742, -0.228663, -0.279915, -0.311454, -0.260202, -0.260202, -0.279915, 3.70197, 1, 0.056, 0.07, 0.074, 0.058, 0.071, 0.079, 0.066, 0.066, 0.071, 0.061, 15, 0.0169099, 
2, 24, 32, 0, 0, 0, 0, 0, 0, 0, 0, 1, 0, 1, -0.177003, -0.159302, -0.185853, -0.177003, -0.238954, -0.216828, -0.216828, -0.296479, 4.08434, -0.33188, 1, 0.04, 0.036, 0.042, 0.04, 0.054, 0.049, 0.049, 0.067, 0.077, 0.075, 32, 0.00706204, 
3, 24, 33, 0, 0, 0, 0, 1, 0, 0, 0, 0, 0, 1, -0.244366, -0.265615, -0.251449, -0.329363, 3.25113, -0.251449, -0.332904, -0.27624, -0.32228, -0.34707, 1, 0.069, 0.075, 0.071, 0.093, 0.082, 0.071, 0.094, 0.078, 0.091, 0.098, 27, 0.0104579, 
1, 24, 37, 4, 0, 6, 2, 3, 2, 3, 4, 1, 6, 1, 1.74861, -1.31534, 3.29803, 0.20075, 1.02855, 0.217027, 0.971194, 1.74086, -0.600699, 3.33911, 1, 1.744, 1.697, 1.745, 1.741, 1.673, 1.72, 1.747, 1.754, 1.775, 1.692, 50, 0.0258033, 
3, 24, 38, 1, 0, 0, 0, 0, 0, 0, 0, 0, 0, 1, 3.30163, -0.300148, -0.289429, -0.225111, -0.293002, -0.3466, -0.310868, -0.278709, -0.282282, -0.282282, 1, 0.076, 0.084, 0.081, 0.063, 0.082, 0.097, 0.087, 0.078, 0.079, 0.079, 42, 0.00666337, 
3, 24, 41, 0, 1, 0, 0, 0, 0, 0, 0, 0, 0, 1, -0.234467, 4.82902, -0.194558, -0.18458, -0.169614, -0.154649, -0.209524, -0.239456, -0.239456, -0.25941, 1, 0.047, 0.032, 0.039, 0.037, 0.034, 0.031, 0.042, 0.048, 0.048, 0.052, 31, 0.00646628, 
2, 24, 44, 0, 0, 0, 0, 0, 0, 0, 1, 0, 0, 1, -0.131157, -0.0908008, -0.131157, -0.0908008, -0.110979, -0.10089, -0.0706229, 9.98809, -0.0807119, -0.10089, 1, 0.013, 0.009, 0.013, 0.009, 0.011, 0.01, 0.007, 0.01, 0.008, 0.01, 10, 0.0099118, 
1, 24, 45, 0, 1, 0, 0, 0, 0, 0, 0, 1, 0, 1, -0.190694, 5.12755, -0.174803, -0.195991, -0.222476, -0.201288, -0.1801, -0.217179, 5.13285, -0.211882, 1, 0.036, 0.032, 0.033, 0.037, 0.042, 0.038, 0.034, 0.041, 0.031, 0.04, 26, 0.00726092, 
3, 25, 2, 0, 0, 1, 0, 0, 0, 0, 0, 0, 0, 1, -0.135787, -0.0905245, 8.92572, -0.0814721, -0.0905245, -0.153892, -0.108629, -0.0814721, -0.135787, -0.126734, 1, 0.015, 0.01, 0.014, 0.009, 0.01, 0.017, 0.012, 0.009, 0.015, 0.014, 2, 0.0552336, 
2, 25, 16, 0, 0, 0, 0, 0, 1, 0, 0, 0, 0, 1, -0.31575, -0.226693, -0.259077, -0.271221, -0.271221, 3.81329, -0.263125, -0.255029, -0.255029, -0.222644, 1, 0.078, 0.056, 0.064, 0.067, 0.067, 0.058, 0.065, 0.063, 0.063, 0.055, 2, 0.123515, 
2, 25, 17, 0, 0, 0, 0, 0, 1, 0, 0, 0, 0, 1, -0.159308, -0.127446, -0.172052, -0.140191, -0.197542, 6.16202, -0.108329, -0.223031, -0.121074, -0.172052, 1, 0.025, 0.02, 0.027, 0.022, 0.031, 0.033, 0.017, 0.035, 0.019, 0.027, 2, 0.0784645, 
3, 25, 21, 1, 0, 0, 0, 0, 0, 0, 0, 0, 0, 1, 6.45577, -0.163189, -0.124024, -0.156662, -0.150134, -0.202355, -0.156662, -0.130551, -0.21541, -0.234992, 1, 0.011, 0.025, 0.019, 0.024, 0.023, 0.031, 0.024, 0.02, 0.033, 0.036, 2, 0.0765982, 
3, 26, 9, 0, 0, 0, 1, 0, 0, 0, 0, 0, 0, 1, -0.129861, -0.162326, -0.162326, 6.31771, -0.129861, -0.207777, -0.14934, -0.162326, -0.116874, -0.129861, 1, 0.02, 0.025, 0.025, 0.027, 0.02, 0.032, 0.023, 0.025, 0.018, 0.02, 8, 0.0192514, 
2, 26, 12, 0, 1, 0, 0, 0, 2, 0, 0, 0, 0, 1, -0.561316, 1.51696, -0.559304, -0.553268, -0.484864, 3.51275, -0.521078, -0.607589, -0.486876, -0.525102, 1, 0.279, 0.246, 0.278, 0.275, 0.241, 0.254, 0.259, 0.302, 0.242, 0.261, 11, 0.0451861, 
1, 26, 17, 0, 0, 1, 0, 0, 1, 0, 0, 0, 0, 1, -0.248972, -0.208815, 3.80686, -0.285113, -0.265034, 3.6904, -0.277081, -0.301175, -0.168658, -0.289128, 1, 0.062, 0.052, 0.052, 0.071, 0.066, 0.081, 0.069, 0.075, 0.042, 0.072, 11, 0.0226386, 
2, 26, 20, 0, 0, 0, 0, 0, 0, 1, 0, 0, 0, 1, -0.236375, -0.299409, -0.260013, -0.240315, -0.260013, -0.228496, 3.71897, -0.303348, -0.311227, -0.315167, 1, 0.06, 0.076, 0.066, 0.061, 0.066, 0.058, 0.056, 0.077, 0.079, 0.08, 6, 0.0423056, 
3, 26, 21, 0, 2, 0, 0, 0, 0, 0, 0, 0, 0, 1, -0.381136, 4.33065, -0.43116, -0.43116, -0.419249, -0.43116, -0.445452, -0.450217, -0.412103, -0.414485, 1, 0.16, 0.182, 0.181, 0.181, 0.176, 0.181, 0.187, 0.189, 0.173, 0.174, 11, 0.0381635, 
3, 26, 24, 0, 0, 1, 0, 0, 0, 0, 0, 0, 0, 1, -0.239373, -0.17409, 5.28798, -0.18497, -0.201291, -0.17953, -0.163209, -0.201291, -0.288336, -0.141448, 1, 0.044, 0.032, 0.028, 0.034, 0.037, 0.033, 0.03, 0.037, 0.053, 0.026, 6, 0.0306355, 
3, 26, 25, 0, 0, 0, 0, 1, 0, 0, 0, 0, 0, 1, -0.0961473, -0.148591, -0.192295, -0.0874066, 8.63577, -0.0961473, -0.122369, -0.148591, -0.0961473, -0.0874066, 1, 0.011, 0.017, 0.022, 0.01, 0.012, 0.011, 0.014, 0.017, 0.011, 0.01, 8, 0.014301, 
2, 26, 28, 0, 0, 0, 0, 0, 0, 1, 0, 0, 0, 1, -0.181261, -0.143759, -0.131258, -0.137509, -0.125008, -0.168761, 6.08163, -0.181261, -0.231265, -0.187512, 1, 0.029, 0.023, 0.021, 0.022, 0.02, 0.027, 0.027, 0.029, 0.037, 0.03, 9, 0.0177767, 
2, 26, 33, 0, 0, 0, 0, 0, 0, 0, 0, 1, 0, 1, -0.264529, -0.279502, -0.239573, -0.209627, -0.17968, -0.199644, -0.244564, -0.169698, 4.84137, -0.139751, 1, 0.053, 0.056, 0.048, 0.042, 0.036, 0.04, 0.049, 0.034, 0.03, 0.028, 7, 0.0286223, 
3, 26, 38, 0, 0, 0, 1, 0, 0, 0, 0, 0, 0, 1, -0.21604, -0.16203, -0.21113, 4.65958, -0.19149, -0.22586, -0.20622, -0.23568, -0.19149, -0.19149, 1, 0.044, 0.033, 0.043, 0.051, 0.039, 0.046, 0.042, 0.048, 0.039, 0.039, 10, 0.0203666, 
3, 26, 41, 0, 0, 0, 0, 1, 0, 0, 0, 0, 0, 1, -0.198599, -0.227662, -0.276101, -0.305164, 4.6695, -0.184067, -0.217975, -0.222818, -0.184067, -0.169536, 1, 0.041, 0.047, 0.057, 0.063, 0.036, 0.038, 0.045, 0.046, 0.038, 0.035, 10, 0.0206446, 
3, 27, 2, 1, 0, 0, 0, 0, 0, 0, 0, 0, 0, 1, 6.29123, -0.084142, -0.181229, -0.122977, -0.148867, -0.233009, -0.187701, -0.148867, -0.129449, -0.194174, 1, 0.028, 0.013, 0.028, 0.019, 0.023, 0.036, 0.029, 0.023, 0.02, 0.03, 19, 0.00813162, 
3, 27, 10, 0, 0, 0, 0, 1, 0, 0, 0, 0, 0, 1, -0.229263, -0.204874, -0.253653, -0.219508, 4.62917, -0.151216, -0.209752, -0.229263, -0.170728, -0.239019, 1, 0.047, 0.042, 0.052, 0.045, 0.051, 0.031, 0.043, 0.047, 0.035, 0.049, 12, 0.0170837, 
3, 27, 37, 3, 0, 0, 0, 1, 1, 2, 0, 1, 1, 1, 4.04987, -0.68565, -0.652852, -0.688774, 0.926175, 0.880881, 2.43336, -0.684089, 0.876196, 0.918366, 1, 0.407, 0.439, 0.418, 0.441, 0.407, 0.436, 0.442, 0.438, 0.439, 0.412, 19, 0.0336983, 
1, 27, 38, 1, 0, 1, 0, 0, 0, 0, 0, 0, 1, 1, 3.54275, -0.247346, 3.51992, -0.254956, -0.247346, -0.304426, -0.251151, -0.334868, -0.346284, 3.55036, 1, 0.069, 0.065, 0.075, 0.067, 0.065, 0.08, 0.066, 0.088, 0.091, 0.067, 19, 0.0138311, 
3, 28, 7, 0, 1, 0, 0, 0, 0, 0, 0, 0, 0, 1, -0.198582, 5.89728, -0.192564, -0.138406, -0.234688, -0.180529, -0.168494, -0.204599, -0.150441, -0.138406, 1, 0.033, 0.02, 0.032, 0.023, 0.039, 0.03, 0.028, 0.034, 0.025, 0.023, 17, 0.0097752, 
2, 28, 11, 0, 0, 0, 0, 0, 0, 0, 0, 0, 1, 1, -0.172191, -0.153742, -0.159892, -0.19679, -0.159892, -0.18449, -0.153742, -0.129143, -0.172191, 5.98364, 1, 0.028, 0.025, 0.026, 0.032, 0.026, 0.03, 0.025, 0.021, 0.028, 0.027, 12, 0.0135508, 
3, 28, 24, 1, 0, 0, 0, 0, 0, 0, 0, 0, 0, 1, 4.42356, -0.150803, -0.22849, -0.21478, -0.21935, -0.182792, -0.246769, -0.265048, -0.306176, -0.319886, 1, 0.032, 0.033, 0.05, 0.047, 0.048, 0.04, 0.054, 0.058, 0.067, 0.07, 46, 0.00475713, 
3, 28, 25, 1, 0, 0, 0, 0, 0, 0, 0, 0, 0, 1, 8.1723, -0.116273, -0.124578, -0.124578, -0.174409, -0.116273, -0.0996622, -0.0996622, -0.107967, -0.132883, 1, 0.016, 0.014, 0.015, 0.015, 0.021, 0.014, 0.012, 0.012, 0.013, 0.016, 41, 0.00293675, 
2, 28, 33, 0, 0, 0, 0, 0, 0, 0, 0, 0, 1, 1, -0.222376, -0.263835, -0.342986, -0.199761, -0.248759, -0.305295, -0.301526, -0.226145, -0.320372, 3.50147, 1, 0.059, 0.07, 0.091, 0.053, 0.066, 0.081, 0.08, 0.06, 0.085, 0.071, 52, 0.00510225, 
3, 28, 34, 0, 0, 0, 0, 1, 0, 0, 0, 0, 0, 1, -0.253407, -0.235306, -0.276032, -0.248881, 4.28981, -0.257932, -0.217206, -0.244356, -0.158379, -0.17648, 1, 0.056, 0.052, 0.061, 0.055, 0.052, 0.057, 0.048, 0.054, 0.035, 0.039, 38, 0.00581549, 
3, 28, 35, 1, 0, 0, 0, 0, 0, 0, 0, 0, 0, 1, 5.20612, -0.229603, -0.213585, -0.224264, -0.234943, -0.192226, -0.13349, -0.197566, -0.181547, -0.176207, 1, 0.025, 0.043, 0.04, 0.042, 0.044, 0.036, 0.025, 0.037, 0.034, 0.033, 7, 0.0267542, 
3, 28, 40, 1, 0, 0, 0, 0, 0, 0, 0, 0, 0, 1, 4.48712, -0.253988, -0.197546, -0.268099, -0.21636, -0.21636, -0.197546, -0.230471, -0.206953, -0.221064, 1, 0.046, 0.054, 0.042, 0.057, 0.046, 0.046, 0.042, 0.049, 0.044, 0.047, 45, 0.00472463, 
1, 28, 42, 0, 1, 0, 0, 0, 1, 0, 0, 0, 0, 1, -0.197449, 4.86029, -0.197449, -0.248077, -0.16201, 4.84003, -0.268328, -0.222763, -0.172135, -0.167072, 1, 0.039, 0.04, 0.039, 0.049, 0.032, 0.044, 0.053, 0.044, 0.034, 0.033, 21, 0.00940568, 
2, 28, 49, 2, 0, 0, 2, 1, 5, 2, 1, 1, 1, 1, 0.901808, -1.08636, -1.07738, 0.938718, -0.0907793, 3.91947, 0.945701, -0.0748181, -0.121704, -0.0548666, 1, 1.096, 1.089, 1.08, 1.059, 1.091, 1.071, 1.052, 1.075, 1.122, 1.055, 85, 0.0117933, 
3, 28, 50, 0, 1, 0, 1, 0, 0, 0, 0, 0, 0, 1, -0.314902, 3.47133, -0.329721, 3.43058, -0.28156, -0.285264, -0.270445, -0.303788, -0.259331, -0.296379, 1, 0.085, 0.063, 0.089, 0.074, 0.076, 0.077, 0.073, 0.082, 0.07, 0.08, 28, 0.00964018, 
2, 29, 17, 0, 0, 0, 0, 0, 0, 1, 0, 0, 0, 1, -0.142104, -0.0752315, -0.125386, -0.108668, -0.125386, -0.17554, 8.26711, -0.117027, -0.150463, -0.117027, 1, 0.017, 0.009, 0.015, 0.013, 0.015, 0.021, 0.011, 0.014, 0.018, 0.014, 6, 0.0199385, 
3, 29, 21, 0, 1, 0, 0, 0, 0, 0, 0, 0, 0, 1, -0.284505, 3.40297, -0.295589, -0.332538, -0.291895, -0.332538, -0.262336, -0.328843, -0.243861, -0.240166, 1, 0.077, 0.079, 0.08, 0.09, 0.079, 0.09, 0.071, 0.089, 0.066, 0.065, 6, 0.0451076, 
2, 29, 49, 1, 0, 1, 0, 0, 0, 0, 2, 0, 1, 1, 2.33255, -0.408742, 2.36525, -0.406017, -0.433266, -0.433266, -0.457791, 4.98937, -0.455066, 2.29168, 1, 0.144, 0.15, 0.132, 0.149, 0.159, 0.159, 0.168, 0.169, 0.167, 0.159, 6, 0.0611633, 
2, 29, 50, 0, 0, 0, 0, 0, 0, 1, 0, 0, 0, 1, -0.162804, -0.108536, -0.0814022, -0.108536, -0.108536, -0.144715, 8.95424, -0.0904469, -0.117581, -0.117581, 1, 0.018, 0.012, 0.009, 0.012, 0.012, 0.016, 0.01, 0.01, 0.013, 0.013, 5, 0.0221124, 
2, 30, 5, 0, 0, 1, 0, 0, 1, 0, 0, 0, 0, 1, -0.349492, -0.335227, 3.20605, -0.278167, -0.288866, 3.30948, -0.235372, -0.292432, -0.267468, -0.19971, 1, 0.098, 0.094, 0.101, 0.078, 0.081, 0.072, 0.066, 0.082, 0.075, 0.056, 46, 0.0060958, 
3, 30, 9, 0, 0, 0, 0, 1, 0, 0, 0, 0, 0, 1, -0.195096, -0.25321, -0.244908, -0.282267, 3.89363, -0.25321, -0.236606, -0.215851, -0.249059, -0.273965, 1, 0.047, 0.061, 0.059, 0.068, 0.062, 0.061, 0.057, 0.052, 0.06, 0.066, 49, 0.00491646, 
2, 30, 10, 0, 0, 0, 0, 0, 0, 0, 0, 1, 0, 1, -0.135566, -0.122009, -0.149122, -0.128787, -0.1559, -0.128787, -0.142344, -0.23724, 6.64271, -0.142344, 1, 0.02, 0.018, 0.022, 0.019, 0.023, 0.019, 0.021, 0.035, 0.02, 0.021, 20, 0.0073765, 
2, 30, 15, 0, 0, 1, 0, 0, 0, 0, 3, 0, 0, 1, -0.568096, -0.60022, 1.09561, -0.664469, -0.6222, -0.608674, -0.645871, 4.46192, -0.601911, -0.618819, 1, 0.336, 0.355, 0.352, 0.393, 0.368, 0.36, 0.382, 0.361, 0.356, 0.366, 61, 0.00969589, 
2, 30, 30, 0, 0, 0, 0, 0, 0, 0, 1, 0, 0, 1, -0.213137, -0.137017, -0.167465, -0.114181, -0.159853, -0.175077, -0.0608964, 7.49787, -0.106569, -0.121793, 1, 0.028, 0.018, 0.022, 0.015, 0.021, 0.023, 0.008, 0.015, 0.014, 0.016, 14, 0.00938362, 
3, 30, 34, 0, 0, 1, 0, 0, 0, 0, 0, 0, 0, 1, -0.180122, -0.0864587, 7.05359, -0.100869, -0.187327, -0.108073, -0.194532, -0.158508, -0.151303, -0.0864587, 1, 0.025, 0.012, 0.021, 0.014, 0.026, 0.015, 0.027, 0.022, 0.021, 0.012, 23, 0.00603455, 
3, 30, 38, 2, 0, 0, 0, 0, 0, 0, 0, 0, 0, 1, 4.21363, -0.403384, -0.426434, -0.467925, -0.504806, -0.44718, -0.403384, -0.504806, -0.444875, -0.437959, 1, 0.172, 0.175, 0.185, 0.203, 0.219, 0.194, 0.175, 0.219, 0.193, 0.19, 56, 0.00774697, 
1, 30, 40, 0, 1, 0, 0, 0, 0, 0, 1, 0, 0, 1, -0.247519, 4.28116, -0.233768, -0.201682, -0.256686, -0.183347, -0.229184, 4.37742, -0.210849, -0.178764, 1, 0.054, 0.066, 0.051, 0.044, 0.056, 0.04, 0.05, 0.045, 0.046, 0.039, 38, 0.00574119, 
2, 30, 41, 0, 0, 0, 0, 0, 1, 0, 0, 0, 0, 1, -0.266224, -0.199668, -0.274544, -0.270384, -0.191349, 3.92265, -0.262064, -0.253745, -0.274544, -0.257905, 1, 0.064, 0.048, 0.066, 0.065, 0.046, 0.057, 0.063, 0.061, 0.066, 0.062, 48, 0.00500831, 
2, 30, 47, 0, 0, 0, 0, 0, 0, 0, 0, 0, 2, 1, -0.321896, -0.282553, -0.2754, -0.282553, -0.29686, -0.29686, -0.339779, -0.250364, -0.289707, 6.86354, 1, 0.09, 0.079, 0.077, 0.079, 0.083, 0.083, 0.095, 0.07, 0.081, 0.081, 45, 0.00621318, 
1, 31, 7, 0, 1, 0, 0, 0, 0, 1, 0, 0, 0, 1, -0.301887, 4.75975, -0.191195, -0.231447, -0.221384, -0.186164, 4.86541, -0.0955976, -0.166038, -0.191195, 1, 0.06, 0.054, 0.038, 0.046, 0.044, 0.037, 0.033, 0.019, 0.033, 0.038, 51, 0.00389706, 
2, 31, 14, 0, 0, 0, 0, 0, 0, 1, 0, 0, 0, 1, -0.24462, -0.24462, -0.219438, -0.316566, -0.309372, -0.29858, 3.28797, -0.276996, -0.330956, -0.305774, 1, 0.068, 0.068, 0.061, 0.088, 0.086, 0.083, 0.086, 0.077, 0.092, 0.085, 83, 0.00334919, 
3, 31, 42, 0, 0, 0, 1, 0, 0, 0, 0, 0, 0, 1, -0.188518, -0.308067, -0.280479, 4.31753, -0.220704, -0.220704, -0.289675, -0.142538, -0.156332, -0.20691, 1, 0.041, 0.067, 0.061, 0.061, 0.048, 0.048, 0.063, 0.031, 0.034, 0.045, 67, 0.00324605, 
2, 31, 46, 0, 0, 0, 2, 0, 0, 0, 0, 3, 0, 1, -0.62016, -0.671427, -0.625121, 2.68571, -0.631737, -0.582124, -0.558971, -0.560625, 4.29647, -0.597008, 1, 0.375, 0.406, 0.378, 0.376, 0.382, 0.352, 0.338, 0.339, 0.402, 0.361, 273, 0.00221495, 
3, 32, 5, 0, 0, 1, 0, 0, 0, 0, 0, 0, 0, 1, -0.256481, -0.222606, 4.67473, -0.222606, -0.203249, -0.212928, -0.232285, -0.227445, -0.222606, -0.203249, 1, 0.053, 0.046, 0.034, 0.046, 0.042, 0.044, 0.048, 0.047, 0.046, 0.042, 6, 0.0344405, 
1, 32, 21, 0, 0, 0, 1, 0, 0, 0, 0, 0, 1, 1, -0.175687, -0.254566, -0.24381, 3.3237, -0.268908, -0.32986, -0.358544, -0.297592, -0.268908, 3.25916, 1, 0.049, 0.071, 0.068, 0.073, 0.075, 0.092, 0.1, 0.083, 0.075, 0.091, 8, 0.0348632, 
2, 32, 32, 0, 0, 0, 0, 0, 0, 1, 0, 0, 0, 1, -0.161704, -0.129364, -0.1423, -0.161704, -0.187577, -0.135832, 6.29354, -0.155236, -0.1423, -0.200514, 1, 0.025, 0.02, 0.022, 0.025, 0.029, 0.021, 0.027, 0.024, 0.022, 0.031, 7, 0.0220861, 
3, 32, 41, 0, 0, 0, 0, 1, 0, 0, 0, 0, 0, 1, -0.123354, -0.203802, -0.203802, -0.18235, 5.1916, -0.262798, -0.16626, -0.203802, -0.235982, -0.176986, 1, 0.023, 0.038, 0.038, 0.034, 0.032, 0.049, 0.031, 0.038, 0.044, 0.033, 6, 0.0310758, 
2, 32, 47, 0, 0, 0, 0, 0, 0, 0, 0, 1, 0, 1, -0.158016, -0.111928, -0.144848, -0.13168, -0.0987602, -0.204104, -0.217273, -0.138264, 6.43258, -0.151432, 1, 0.024, 0.017, 0.022, 0.02, 0.015, 0.031, 0.033, 0.021, 0.023, 0.023, 7, 0.0216976, 
2, 33, 2, 0, 0, 1, 0, 1, 1, 0, 0, 0, 3, 1, -0.547473, -0.496586, 1.19321, -0.503605, 1.209, 1.17917, -0.612397, -0.621171, -0.651001, 4.62895, 1, 0.312, 0.283, 0.32, 0.287, 0.311, 0.328, 0.349, 0.354, 0.371, 0.362, 80, 0.00712364, 
3, 33, 11, 0, 0, 0, 0, 1, 0, 0, 0, 0, 0, 1, -0.250301, -0.211461, -0.271879, -0.24167, 4.03071, -0.267563, -0.181253, -0.198515, -0.237355, -0.211461, 1, 0.058, 0.049, 0.063, 0.056, 0.066, 0.062, 0.042, 0.046, 0.055, 0.049, 31, 0.00747487, 
2, 33, 22, 0, 0, 0, 0, 0, 0, 0, 1, 0, 0, 1, -0.289388, -0.293052, -0.322357, -0.340672, -0.278399, -0.285725, -0.271073, 3.43969, -0.274736, -0.227115, 1, 0.079, 0.08, 0.088, 0.093, 0.076, 0.078, 0.074, 0.061, 0.075, 0.062, 44, 0.00620431, 
2, 33, 25, 0, 0, 0, 0, 0, 1, 0, 0, 0, 0, 1, -0.278621, -0.311616, -0.267623, -0.252959, -0.278621, 3.36912, -0.282287, -0.318948, -0.252959, -0.256625, 1, 0.076, 0.085, 0.073, 0.069, 0.076, 0.081, 0.077, 0.087, 0.069, 0.07, 59, 0.00462325, 
3, 33, 33, 0, 0, 1, 0, 0, 0, 0, 0, 0, 0, 1, -0.145612, -0.140012, 5.42126, -0.173615, -0.218419, -0.184816, -0.22962, -0.179215, -0.190416, -0.168014, 1, 0.026, 0.025, 0.032, 0.031, 0.039, 0.033, 0.041, 0.032, 0.034, 0.03, 60, 0.00297594, 
3, 33, 35, 0, 0, 1, 0, 0, 0, 0, 0, 0, 0, 1, -0.190665, -0.154348, 8.97033, -0.0817136, -0.154348, -0.108951, -0.0907929, -0.118031, -0.0453964, -0.0726343, 1, 0.021, 0.017, 0.012, 0.009, 0.017, 0.012, 0.01, 0.013, 0.005, 0.008, 16, 0.0068838, 
2, 33, 42, 0, 0, 0, 0, 0, 1, 0, 0, 0, 0, 1, -0.218634, -0.25633, -0.226173, -0.25633, -0.229943, 3.46045, -0.286486, -0.343029, -0.320412, -0.392034, 1, 0.058, 0.068, 0.06, 0.068, 0.061, 0.082, 0.076, 0.091, 0.085, 0.104, 24, 0.0110535, 
3, 34, 5, 0, 0, 0, 0, 2, 0, 1, 0, 1, 0, 1, -0.529391, -0.575931, -0.506121, -0.523573, 3.3276, -0.517756, 1.43692, -0.490608, 1.40395, -0.556539, 1, 0.273, 0.297, 0.261, 0.27, 0.284, 0.267, 0.259, 0.253, 0.276, 0.287, 118, 0.00437023, 
3, 34, 13, 0, 1, 2, 0, 0, 0, 1, 0, 0, 0, 1, -0.51658, 1.53973, 3.49793, -0.428481, -0.572643, -0.476535, 1.48967, -0.494555, -0.51658, -0.490551, 1, 0.258, 0.231, 0.253, 0.214, 0.286, 0.238, 0.256, 0.247, 0.258, 0.245, 86, 0.00580743, 
2, 34, 14, 0, 0, 0, 0, 0, 0, 1, 0, 0, 0, 1, -0.123333, -0.131041, -0.115625, -0.123333, -0.146458, -0.131041, 7.57728, -0.107916, -0.185, -0.131041, 1, 0.016, 0.017, 0.015, 0.016, 0.019, 0.017, 0.017, 0.014, 0.024, 0.017, 20, 0.0064865, 
3, 34, 29, 0, 0, 0, 0, 2, 0, 0, 0, 1, 0, 1, -0.260482, -0.302288, -0.295856, -0.260482, 6.12937, -0.260482, -0.279777, -0.282993, 2.93927, -0.315151, 1, 0.081, 0.094, 0.092, 0.081, 0.094, 0.081, 0.087, 0.088, 0.086, 0.098, 63, 0.00493591, 
2, 34, 30, 0, 0, 0, 0, 0, 1, 0, 0, 0, 0, 1, -0.279864, -0.271981, -0.307457, -0.283806, -0.268039, 3.71707, -0.22468, -0.189204, -0.232563, -0.307457, 1, 0.071, 0.069, 0.078, 0.072, 0.068, 0.057, 0.057, 0.048, 0.059, 0.078, 50, 0.00507388, 
3, 34, 44, 1, 0, 0, 0, 0, 0, 0, 0, 0, 0, 1, 5.64573, -0.172343, -0.243658, -0.202058, -0.136686, -0.142629, -0.118857, -0.213943, -0.106972, -0.118857, 1, 0.05, 0.029, 0.041, 0.034, 0.023, 0.024, 0.02, 0.036, 0.018, 0.02, 45, 0.00373931, 
2, 34, 45, 0, 0, 1, 1, 0, 0, 0, 1, 2, 0, 1, -0.470037, -0.517691, 1.62888, 1.65921, -0.487366, -0.478701, -0.428882, 1.75668, 3.84477, -0.431048, 1, 0.217, 0.239, 0.248, 0.234, 0.225, 0.221, 0.198, 0.189, 0.225, 0.199, 79, 0.00584387, 
2, 34, 46, 0, 0, 0, 0, 0, 2, 0, 1, 0, 0, 1, -0.32374, -0.35141, -0.348643, -0.37908, -0.37908, 5.1494, -0.384614, 2.3907, -0.46209, -0.368012, 1, 0.117, 0.127, 0.126, 0.137, 0.137, 0.139, 0.139, 0.136, 0.167, 0.133, 85, 0.00425178, 
2, 34, 48, 0, 0, 0, 1, 1, 0, 1, 0, 2, 1, 1, -0.471815, -0.469651, -0.523758, 1.63837, 1.69031, -0.497787, 1.68598, -0.47398, 3.86975, 1.68598, 1, 0.218, 0.217, 0.242, 0.243, 0.219, 0.23, 0.221, 0.219, 0.212, 0.221, 131, 0.00352706, 
2, 35, 2, 0, 1, 0, 0, 0, 1, 0, 4, 0, 0, 1, -0.577852, 1.38182, -0.510211, -0.543065, -0.516009, 1.35283, -0.479289, 7.1816, -0.459963, -0.543065, 1, 0.299, 0.285, 0.264, 0.281, 0.267, 0.3, 0.248, 0.284, 0.238, 0.281, 102, 0.00507287, 
3, 35, 14, 0, 0, 0, 0, 1, 0, 0, 0, 0, 0, 1, -0.157116, -0.186212, -0.19785, -0.162935, 5.66199, -0.244403, -0.12802, -0.174573, -0.151297, -0.180392, 1, 0.027, 0.032, 0.034, 0.028, 0.027, 0.042, 0.022, 0.03, 0.026, 0.031, 18, 0.00954709, 
3, 35, 22, 0, 0, 1, 0, 0, 0, 0, 0, 0, 0, 1, -0.193726, -0.139483, 7.60957, -0.131734, -0.0929887, -0.147232, -0.100738, -0.154981, -0.131734, -0.0852396, 1, 0.025, 0.018, 0.018, 0.017, 0.012, 0.019, 0.013, 0.02, 0.017, 0.011, 37, 0.00348778, 
3, 35, 24, 0, 0, 1, 0, 0, 0, 0, 0, 0, 0, 1, -0.259139, -0.29294, 3.50026, -0.322985, -0.281673, -0.270406, -0.225338, -0.270406, -0.289184, -0.281673, 1, 0.069, 0.078, 0.068, 0.086, 0.075, 0.072, 0.06, 0.072, 0.077, 0.075, 59, 0.00451298, 
2, 35, 30, 0, 0, 0, 0, 0, 0, 1, 0, 0, 0, 1, -0.173842, -0.163908, -0.183776, -0.198676, -0.14404, -0.178809, 4.76823, -0.223511, -0.183776, -0.173842, 1, 0.035, 0.033, 0.037, 0.04, 0.029, 0.036, 0.04, 0.045, 0.037, 0.035, 30, 0.00671108, 
2, 35, 31, 0, 0, 0, 0, 0, 1, 0, 1, 0, 0, 1, -0.135622, -0.172135, -0.161703, -0.140838, -0.172135, 4.97627, -0.213865, 4.98149, -0.245162, -0.23473, 1, 0.026, 0.033, 0.031, 0.027, 0.033, 0.046, 0.041, 0.045, 0.047, 0.045, 28, 0.00684678, 
2, 35, 50, 0, 0, 0, 0, 0, 0, 0, 0, 0, 1, 1, -0.250213, -0.193346, -0.2559, -0.142166, -0.210406, -0.18766, -0.130793, -0.199033, -0.13648, 5.5843, 1, 0.044, 0.034, 0.045, 0.025, 0.037, 0.033, 0.023, 0.035, 0.024, 0.018, 19, 0.00925527, 
2, 36, 5, 0, 0, 0, 0, 0, 0, 0, 1, 0, 0, 1, -0.293038, -0.265318, -0.229678, -0.273238, -0.324717, -0.205918, -0.296998, 3.67089, -0.205918, -0.253438, 1, 0.074, 0.067, 0.058, 0.069, 0.082, 0.052, 0.075, 0.073, 0.052, 0.064, 7, 0.0360753, 
2, 36, 38, 0, 0, 0, 0, 0, 0, 0, 0, 1, 0, 1, -0.251676, -0.261356, -0.208116, -0.179077, -0.217796, -0.193597, -0.222636, -0.183917, 4.61728, -0.217796, 1, 0.052, 0.054, 0.043, 0.037, 0.045, 0.04, 0.046, 0.038, 0.046, 0.045, 8, 0.0258269, 
2, 37, 22, 0, 0, 0, 1, 0, 0, 0, 1, 0, 3, 1, -0.689959, -0.658981, -0.660389, 0.725161, -0.74065, -0.668838, -0.753322, 0.691367, -0.735017, 3.46106, 1, 0.49, 0.468, 0.469, 0.485, 0.526, 0.475, 0.535, 0.509, 0.522, 0.542, 261, 0.00272102, 
3, 37, 26, 0, 0, 0, 1, 0, 0, 0, 0, 0, 0, 1, -0.25245, -0.290317, -0.290317, 3.99292, -0.197752, -0.244035, -0.256657, -0.23562, -0.25245, -0.214582, 1, 0.06, 0.069, 0.069, 0.051, 0.047, 0.058, 0.061, 0.056, 0.06, 0.051, 87, 0.00273185, 
2, 37, 30, 0, 1, 0, 0, 0, 0, 2, 0, 0, 0, 1, -0.315957, 2.16115, -0.371565, -0.384204, -0.358927, -0.45245, 4.64836, -0.40948, -0.427174, -0.401897, 1, 0.125, 0.145, 0.147, 0.152, 0.142, 0.179, 0.161, 0.162, 0.169, 0.159, 151, 0.00262002, 
3, 37, 40, 0, 0, 0, 2, 1, 0, 0, 0, 0, 0, 1, -0.514725, -0.542984, -0.542984, 3.49205, 1.52803, -0.512706, -0.540966, -0.446095, -0.565188, -0.522799, 1, 0.255, 0.269, 0.269, 0.27, 0.243, 0.254, 0.268, 0.221, 0.28, 0.259, 252, 0.00196591, 
2, 37, 44, 0, 1, 0, 0, 0, 1, 0, 0, 0, 2, 1, -0.467566, 1.51649, -0.529632, -0.508943, -0.500668, 1.58062, -0.523426, -0.564803, -0.500668, 3.64536, 1, 0.226, 0.267, 0.256, 0.246, 0.242, 0.236, 0.253, 0.273, 0.242, 0.238, 169, 0.00286008, 
2, 38, 4, 0, 0, 0, 0, 0, 0, 0, 0, 0, 1, 1, -0.156704, -0.193268, -0.203715, -0.198491, -0.224609, -0.235056, -0.177598, -0.15148, -0.177598, 5.04064, 1, 0.03, 0.037, 0.039, 0.038, 0.043, 0.045, 0.034, 0.029, 0.034, 0.035, 21, 0.00911638, 
2, 38, 9, 0, 0, 0, 0, 0, 0, 0, 0, 1, 0, 1, -0.238959, -0.299647, -0.288268, -0.18965, -0.269303, -0.22758, -0.269303, -0.254131, 3.45163, -0.276889, 1, 0.063, 0.079, 0.076, 0.05, 0.071, 0.06, 0.071, 0.067, 0.09, 0.073, 52, 0.00507007, 
2, 38, 12, 1, 3, 2, 2, 2, 1, 5, 1, 1, 0, 1, -0.193658, 1.52302, 0.627125, 0.62079, 0.61898, -0.274197, 3.40892, -0.265148, -0.269673, -1.1357, 1, 1.214, 1.317, 1.307, 1.314, 1.316, 1.303, 1.233, 1.293, 1.298, 1.255, 86, 0.0128493, 
3, 38, 13, 2, 0, 0, 0, 0, 0, 1, 0, 0, 0, 1, 4.4687, -0.513644, -0.43782, -0.474509, -0.413361, -0.432929, 1.95429, -0.454942, -0.420699, -0.386456, 1, 0.173, 0.21, 0.179, 0.194, 0.169, 0.177, 0.201, 0.186, 0.172, 0.158, 43, 0.00950799, 
2, 38, 22, 0, 0, 0, 0, 0, 0, 1, 0, 0, 1, 1, -0.269092, -0.224243, -0.214277, -0.269092, -0.259126, -0.199328, 4.76891, -0.149496, -0.149496, 4.85363, 1, 0.054, 0.045, 0.043, 0.054, 0.052, 0.04, 0.043, 0.03, 0.03, 0.026, 32, 0.00627109, 
3, 38, 26, 0, 0, 0, 0, 1, 0, 0, 0, 0, 0, 1, -0.268216, -0.247973, -0.22267, -0.232791, 4.87343, -0.197366, -0.172063, -0.172063, -0.187245, -0.136638, 1, 0.053, 0.049, 0.044, 0.046, 0.037, 0.039, 0.034, 0.034, 0.037, 0.027, 10, 0.0197602, 
2, 38, 27, 0, 0, 0, 1, 0, 1, 2, 0, 0, 0, 1, -0.567784, -0.565792, -0.476141, 1.46428, -0.490087, 1.46229, 3.51628, -0.474149, -0.589698, -0.577745, 1, 0.285, 0.284, 0.239, 0.265, 0.246, 0.266, 0.235, 0.238, 0.296, 0.29, 68, 0.00738164, 
3, 38, 28, 0, 0, 1, 0, 2, 0, 1, 0, 1, 0, 1, -0.472001, -0.502037, 1.652, -0.512764, 3.83393, -0.472001, 1.63484, -0.504183, 1.70135, -0.454837, 1, 0.22, 0.234, 0.23, 0.239, 0.213, 0.22, 0.238, 0.235, 0.207, 0.212, 63, 0.00739843, 
2, 38, 35, 0, 0, 0, 0, 0, 0, 1, 0, 0, 0, 1, -0.108248, -0.146908, -0.108248, -0.100516, -0.139176, -0.15464, 7.58508, -0.15464, -0.139176, -0.123712, 1, 0.014, 0.019, 0.014, 0.013, 0.018, 0.02, 0.019, 0.02, 0.018, 0.016, 14, 0.00923806, 
3, 38, 36, 0, 0, 1, 0, 0, 0, 0, 0, 0, 0, 1, -0.106505, -0.106505, 10.5866, -0.0852043, -0.0639032, -0.0426021, -0.0852043, -0.159758, -0.138457, -0.127806, 1, 0.01, 0.01, 0.006, 0.008, 0.006, 0.004, 0.008, 0.015, 0.013, 0.012, 16, 0.00586825, 
3, 38, 43, 0, 2, 0, 0, 1, 0, 0, 0, 0, 0, 1, -0.442795, 4.66342, -0.394164, -0.399283, 2.1935, -0.427438, -0.396724, -0.353212, -0.4172, -0.389045, 1, 0.173, 0.178, 0.154, 0.156, 0.143, 0.167, 0.155, 0.138, 0.163, 0.152, 65, 0.00601077, 
2, 38, 44, 0, 0, 0, 0, 0, 0, 1, 0, 0, 0, 1, -0.227681, -0.214546, -0.302116, -0.236438, -0.20141, -0.162004, 4.1114, -0.197032, -0.227681, -0.23206, 1, 0.052, 0.049, 0.069, 0.054, 0.046, 0.037, 0.061, 0.045, 0.052, 0.053, 19, 0.0120205, 
2, 38, 50, 0, 0, 0, 0, 0, 1, 0, 0, 0, 0, 1, -0.197015, -0.233669, -0.261159, -0.201596, -0.251995, 4.3389, -0.242832, -0.192433, -0.270322, -0.192433, 1, 0.043, 0.051, 0.057, 0.044, 0.055, 0.053, 0.053, 0.042, 0.059, 0.042, 45, 0.00485017, 
2, 39, 3, 0, 0, 0, 0, 0, 0, 1, 0, 0, 0, 1, -0.130712, -0.0914986, -0.143784, -0.0914986, -0.0914986, -0.0914986, 13.0059, -0.0653562, -0.0392137, -0.0130712, 1, 0.01, 0.007, 0.011, 0.007, 0.007, 0.007, 0.005, 0.005, 0.003, 0.001, 2, 0.0382519, 
3, 39, 12, 0, 0, 1, 0, 0, 0, 0, 0, 0, 0, 1, -0.0659529, -0.0659529, 13.1378, -0.0263812, -0.0791435, -0.0923341, -0.0923341, -0.0791435, -0.0923341, -0.145096, 1, 0.005, 0.005, 0.004, 0.002, 0.006, 0.007, 0.007, 0.006, 0.007, 0.011, 2, 0.0379058, 
3, 39, 27, 0, 0, 0, 0, 1, 0, 0, 0, 0, 0, 1, -0.13676, -0.198301, -0.177787, -0.157273, 6.61916, -0.184625, -0.10257, -0.13676, -0.0547038, -0.170949, 1, 0.02, 0.029, 0.026, 0.023, 0.032, 0.027, 0.015, 0.02, 0.008, 0.025, 1, 0.146242, 
3, 39, 37, 0, 0, 0, 0, 1, 0, 0, 0, 0, 0, 1, -0.268093, -0.244981, -0.231115, -0.152536, 4.39118, -0.217248, -0.244981, -0.249604, -0.16178, -0.235737, 1, 0.058, 0.053, 0.05, 0.033, 0.05, 0.047, 0.053, 0.054, 0.035, 0.051, 2, 0.108171, 
2, 40, 4, 0, 0, 0, 0, 0, 1, 0, 0, 0, 1, 1, -0.254024, -0.207838, -0.234779, -0.254024, -0.273268, 3.57942, -0.284814, -0.30021, -0.304059, 3.51784, 1, 0.066, 0.054, 0.061, 0.066, 0.071, 0.07, 0.074, 0.078, 0.079, 0.086, 25, 0.0103927, 
3, 40, 8, 3, 0, 0, 0, 0, 0, 2, 0, 1, 0, 1, 4.79111, -0.61292, -0.554122, -0.54165, -0.566594, -0.577285, 3.05391, -0.554122, 1.23831, -0.607574, 1, 0.311, 0.344, 0.311, 0.304, 0.318, 0.324, 0.286, 0.311, 0.305, 0.341, 119, 0.00471637, 
3, 40, 24, 0, 0, 2, 0, 0, 0, 0, 0, 0, 0, 1, -0.510281, -0.526165, 3.4985, -0.480498, -0.494397, -0.52418, -0.557934, -0.546021, -0.514252, -0.565876, 1, 0.257, 0.265, 0.238, 0.242, 0.249, 0.264, 0.281, 0.275, 0.259, 0.285, 104, 0.00484273, 
2, 40, 37, 9, 4, 5, 7, 5, 6, 2, 3, 15, 6, 1, 1.53534, -0.653887, -0.1824, 0.630227, -0.261125, 0.240476, -1.56675, -1.08838, 4.05539, 0.181109, 1, 5.431, 5.52, 5.424, 5.535, 5.607, 5.441, 5.642, 5.53, 5.573, 5.579, 151, 0.0153944, 
2, 40, 40, 0, 0, 0, 0, 0, 0, 0, 0, 1, 0, 1, -0.246202, -0.22951, -0.225337, -0.233683, -0.225337, -0.208646, -0.250375, -0.271239, 3.92254, -0.317141, 1, 0.059, 0.055, 0.054, 0.056, 0.054, 0.05, 0.06, 0.065, 0.06, 0.076, 68, 0.00352413, 
3, 40, 45, 0, 0, 2, 0, 1, 0, 0, 1, 0, 1, 1, -0.4694, -0.4694, 3.41597, -0.473344, 1.4792, -0.528568, -0.581819, 1.43384, -0.59957, 1.37467, 1, 0.238, 0.238, 0.268, 0.24, 0.25, 0.268, 0.295, 0.273, 0.304, 0.303, 89, 0.00569697, 
2, 41, 8, 0, 0, 0, 0, 0, 0, 1, 0, 0, 0, 1, -0.243509, -0.259743, -0.369321, -0.353088, -0.202924, -0.194807, 3.80279, -0.23945, -0.247567, -0.223216, 1, 0.06, 0.064, 0.091, 0.087, 0.05, 0.048, 0.063, 0.059, 0.061, 0.055, 16, 0.0153999, 
3, 41, 22, 0, 1, 0, 0, 0, 0, 0, 0, 0, 0, 1, -0.0543589, 13.5082, -0.122308, -0.0951281, -0.0543589, -0.0679487, -0.0815384, -0.149487, -0.0135897, -0.0679487, 1, 0.004, 0.006, 0.009, 0.007, 0.004, 0.005, 0.006, 0.011, 0.001, 0.005, 4, 0.0183962, 
2, 41, 31, 0, 0, 0, 0, 0, 1, 0, 0, 0, 0, 1, -0.185611, -0.173636, -0.197586, -0.161661, -0.137712, 5.81382, -0.143699, -0.161661, -0.197586, -0.191599, 1, 0.031, 0.029, 0.033, 0.027, 0.023, 0.029, 0.024, 0.027, 0.033, 0.032, 4, 0.0417539, 
3, 42, 7, 0, 0, 0, 0, 1, 0, 0, 0, 0, 0, 1, -0.284601, -0.176452, -0.176452, -0.119532, 5.53833, -0.147992, -0.153684, -0.176452, -0.250449, -0.204912, 1, 0.05, 0.031, 0.031, 0.021, 0.027, 0.026, 0.027, 0.031, 0.044, 0.036, 29, 0.0060581, 
2, 42, 17, 2, 0, 0, 1, 1, 0, 2, 2, 5, 4, 1, 0.699777, -1.12992, -1.13175, -0.221948, -0.276976, -1.1666, 0.588804, 0.721789, 3.47596, 2.45427, 1, 1.237, 1.232, 1.234, 1.242, 1.302, 1.272, 1.358, 1.213, 1.21, 1.324, 204, 0.00534484, 
3, 42, 23, 0, 0, 1, 0, 0, 0, 0, 0, 0, 0, 1, -0.198707, -0.266193, 3.47925, -0.307434, -0.247447, -0.28119, -0.299936, -0.262444, -0.337428, -0.32618, 1, 0.053, 0.071, 0.072, 0.082, 0.066, 0.075, 0.08, 0.07, 0.09, 0.087, 29, 0.00919738, 
3, 42, 25, 0, 0, 0, 0, 2, 0, 0, 0, 0, 0, 1, -0.327433, -0.412416, -0.317435, -0.44241, 4.53407, -0.43991, -0.437411, -0.402418, -0.387421, -0.432412, 1, 0.131, 0.165, 0.127, 0.177, 0.186, 0.176, 0.175, 0.161, 0.155, 0.173, 140, 0.00285773, 
2, 42, 29, 0, 0, 0, 0, 0, 0, 0, 1, 0, 0, 1, -0.27604, -0.256038, -0.328048, -0.184027, -0.240035, -0.296043, -0.216032, 3.78055, -0.248036, -0.260038, 1, 0.069, 0.064, 0.082, 0.046, 0.06, 0.074, 0.054, 0.055, 0.062, 0.065, 45, 0.00555474, 
2, 42, 31, 0, 0, 0, 0, 0, 1, 0, 0, 0, 0, 1, -0.295612, -0.291916, -0.332563, -0.321478, -0.232794, 3.37736, -0.314087, -0.210623, -0.291916, -0.210623, 1, 0.08, 0.079, 0.09, 0.087, 0.063, 0.086, 0.085, 0.057, 0.079, 0.057, 63, 0.00429564, 
3, 42, 41, 3, 0, 0, 0, 1, 1, 0, 0, 1, 0, 1, 4.36353, -0.732626, -0.685141, -0.680053, 1.14642, 1.07689, -0.615609, -0.568124, 1.12607, -0.544382, 1, 0.427, 0.432, 0.404, 0.401, 0.324, 0.365, 0.363, 0.335, 0.336, 0.321, 175, 0.00336948, 
3, 42, 42, 0, 0, 0, 1, 0, 0, 0, 0, 0, 0, 1, -0.131531, -0.180854, -0.24662, 5.31054, -0.191815, -0.213737, -0.197296, -0.147972, -0.186335, -0.164413, 1, 0.024, 0.033, 0.045, 0.031, 0.035, 0.039, 0.036, 0.027, 0.034, 0.03, 41, 0.00445042, 
3, 42, 46, 0, 0, 0, 0, 2, 0, 1, 0, 0, 1, 1, -0.445727, -0.475595, -0.436536, -0.443429, 4.17696, -0.445727, 1.85183, -0.402073, -0.420453, 1.90008, 1, 0.194, 0.207, 0.19, 0.193, 0.182, 0.194, 0.194, 0.175, 0.183, 0.173, 109, 0.00399307, 
3, 43, 4, 1, 0, 0, 0, 0, 0, 0, 0, 0, 0, 1, 7.60841, -0.154958, -0.139462, -0.0852266, -0.10847, -0.116218, -0.10847, -0.14721, -0.162705, -0.162705, 1, 0.018, 0.02, 0.018, 0.011, 0.014, 0.015, 0.014, 0.019, 0.021, 0.021, 6, 0.0215113, 
2, 43, 5, 0, 0, 0, 0, 0, 0, 0, 0, 0, 1, 1, -0.253742, -0.253742, -0.225989, -0.269601, -0.225989, -0.293389, -0.261671, -0.245813, -0.293389, 3.70305, 1, 0.064, 0.064, 0.057, 0.068, 0.057, 0.074, 0.066, 0.062, 0.074, 0.066, 9, 0.028025, 
2, 43, 11, 0, 0, 0, 0, 0, 0, 0, 1, 0, 0, 1, -0.0858769, -0.137403, -0.0687015, -0.0515261, -0.103052, -0.0515261, -0.0515261, 17.1238, -0.0171754, -0.0171754, 1, 0.005, 0.008, 0.004, 0.003, 0.006, 0.003, 0.003, 0.003, 0.001, 0.001, 8, 0.00727786, 
3, 43, 13, 0, 0, 0, 1, 0, 0, 0, 0, 0, 0, 1, -0.106382, -0.0425529, -0.0638294, 10.5425, -0.127659, -0.117021, -0.0531912, -0.0744676, -0.127659, -0.18085, 1, 0.01, 0.004, 0.006, 0.009, 0.012, 0.011, 0.005, 0.007, 0.012, 0.017, 6, 0.0156668, 
3, 43, 17, 0, 0, 0, 1, 0, 0, 0, 0, 0, 0, 1, -0.252204, -0.216807, -0.23893, 4.17685, -0.230081, -0.274327, -0.212382, -0.207958, -0.190259, -0.243355, 1, 0.057, 0.049, 0.054, 0.056, 0.052, 0.062, 0.048, 0.047, 0.043, 0.055, 13, 0.0173852, 
3, 43, 24, 0, 0, 1, 0, 0, 0, 0, 0, 0, 0, 1, -0.14554, -0.16852, 7.48382, -0.16086, -0.13022, -0.21448, -0.06894, -0.0919201, -0.10724, -0.0995801, 1, 0.019, 0.022, 0.023, 0.021, 0.017, 0.028, 0.009, 0.012, 0.014, 0.013, 7, 0.0186497, 
2, 43, 27, 0, 0, 0, 0, 0, 0, 1, 0, 0, 0, 1, -0.265609, -0.215234, -0.238132, -0.192337, -0.233552, -0.196917, 4.34133, -0.174019, -0.265609, -0.293085, 1, 0.058, 0.047, 0.052, 0.042, 0.051, 0.043, 0.052, 0.038, 0.058, 0.064, 10, 0.0218367, 
2, 43, 43, 0, 0, 0, 0, 0, 0, 1, 0, 0, 0, 1, -0.220322, -0.225446, -0.210074, -0.179332, -0.210074, -0.220322, 4.91882, -0.179332, -0.199827, -0.174208, 1, 0.043, 0.044, 0.041, 0.035, 0.041, 0.043, 0.04, 0.035, 0.039, 0.034, 10, 0.0195169, 
1, 43, 46, 0, 0, 0, 0, 1, 0, 0, 1, 0, 0, 1, -0.145188, -0.159707, -0.0798534, -0.130669, 7.13599, -0.152447, -0.11615, 7.16503, -0.152447, -0.254079, 1, 0.02, 0.022, 0.011, 0.018, 0.017, 0.021, 0.016, 0.013, 0.021, 0.035, 7, 0.0196789, 
2, 43, 48, 0, 0, 0, 0, 0, 0, 0, 0, 0, 1, 1, -0.187997, -0.127838, -0.135358, -0.157918, -0.165437, -0.127838, -0.105278, -0.135358, -0.0902386, 7.4146, 1, 0.025, 0.017, 0.018, 0.021, 0.022, 0.017, 0.014, 0.018, 0.012, 0.014, 10, 0.0132981, 
3, 44, 2, 0, 1, 0, 0, 0, 0, 0, 0, 0, 0, 1, -0.214159, 4.23762, -0.309847, -0.223272, -0.227829, -0.182263, -0.223272, -0.209603, -0.15948, -0.164037, 1, 0.047, 0.07, 0.068, 0.049, 0.05, 0.04, 0.049, 0.046, 0.035, 0.036, 16, 0.0137164, 
2, 44, 12, 0, 0, 0, 0, 0, 3, 0, 1, 0, 0, 1, -0.455694, -0.455694, -0.476889, -0.47053, -0.423901, 5.87739, -0.445096, 1.68289, -0.447216, -0.453574, 1, 0.215, 0.215, 0.225, 0.222, 0.2, 0.227, 0.21, 0.206, 0.211, 0.214, 17, 0.0277534, 
1, 44, 17, 1, 0, 0, 0, 0, 0, 0, 0, 1, 0, 1, 3.75364, -0.271829, -0.227857, -0.207869, -0.239849, -0.219862, -0.263834, -0.291817, 3.74565, -0.287819, 1, 0.061, 0.068, 0.057, 0.052, 0.06, 0.055, 0.066, 0.073, 0.063, 0.072, 17, 0.0147151, 
3, 44, 18, 0, 0, 0, 0, 1, 0, 0, 0, 0, 0, 1, -0.312358, -0.320071, -0.273795, -0.273795, 3.57476, -0.254514, -0.242945, -0.269939, -0.25837, -0.223664, 1, 0.081, 0.083, 0.071, 0.071, 0.073, 0.066, 0.063, 0.07, 0.067, 0.058, 17, 0.015254, 
3, 44, 19, 0, 0, 1, 1, 0, 0, 0, 0, 0, 0, 1, -0.281947, -0.30002, 3.3436, 3.32191, -0.292791, -0.234956, -0.271103, -0.314479, -0.310864, -0.23857, 1, 0.078, 0.083, 0.075, 0.081, 0.081, 0.065, 0.075, 0.087, 0.086, 0.066, 17, 0.0162734, 
1, 44, 20, 0, 1, 0, 0, 0, 0, 0, 0, 1, 0, 1, -0.228314, 3.49957, -0.254514, -0.299428, -0.262, -0.265743, -0.276971, -0.265743, 3.46214, -0.284457, 1, 0.061, 0.065, 0.068, 0.08, 0.07, 0.071, 0.074, 0.071, 0.075, 0.076, 15, 0.0178117, 
2, 44, 21, 0, 0, 0, 1, 0, 0, 2, 0, 1, 0, 1, -0.480037, -0.50758, -0.572504, 1.40863, -0.487907, -0.511515, 3.35829, -0.588242, 1.37322, -0.55283, 1, 0.244, 0.258, 0.291, 0.284, 0.248, 0.26, 0.293, 0.299, 0.302, 0.281, 17, 0.0298996, 
3, 44, 24, 0, 0, 0, 1, 0, 0, 0, 0, 0, 0, 1, -0.214769, -0.2102, -0.233048, 4.27711, -0.214769, -0.278743, -0.20563, -0.237617, -0.214769, -0.2102, 1, 0.047, 0.046, 0.051, 0.064, 0.047, 0.061, 0.045, 0.052, 0.047, 0.046, 8, 0.0273549, 
2, 44, 27, 0, 0, 0, 0, 0, 0, 1, 0, 0, 0, 1, -0.204677, -0.16829, -0.282, -0.195581, -0.209226, -0.318387, 4.33461, -0.241064, -0.222871, -0.231968, 1, 0.045, 0.037, 0.062, 0.043, 0.046, 0.07, 0.047, 0.053, 0.049, 0.051, 14, 0.0157042, 
3, 44, 37, 0, 3, 1, 0, 1, 0, 0, 1, 0, 2, 1, -0.691919, 3.84833, 0.778972, -0.651395, 0.849515, -0.666404, -0.708429, 0.817996, -0.72644, 2.35042, 1, 0.461, 0.436, 0.481, 0.434, 0.434, 0.444, 0.472, 0.455, 0.484, 0.434, 17, 0.0391919, 
3, 44, 38, 0, 1, 0, 0, 1, 0, 0, 0, 0, 0, 1, -0.166011, 6.16794, -0.153241, -0.159626, 6.18071, -0.197936, -0.0957754, -0.127701, -0.178781, -0.127701, 1, 0.026, 0.034, 0.024, 0.025, 0.032, 0.031, 0.015, 0.02, 0.028, 0.02, 16, 0.00978853, 
2, 45, 1, 0, 0, 0, 0, 0, 0, 0, 0, 1, 0, 1, -0.245581, -0.210498, -0.188571, -0.223654, -0.241196, -0.267508, -0.254352, -0.245581, 4.12664, -0.241196, 1, 0.056, 0.048, 0.043, 0.051, 0.055, 0.061, 0.058, 0.056, 0.059, 0.055, 37, 0.00616298, 
2, 45, 10, 1, 1, 0, 0, 0, 2, 0, 1, 0, 0, 1, 2.13926, 2.12663, -0.351071, -0.386431, -0.391482, 4.65738, -0.391482, 2.06096, -0.388957, -0.368751, 1, 0.153, 0.158, 0.139, 0.153, 0.155, 0.156, 0.155, 0.184, 0.154, 0.146, 107, 0.00370029, 
2, 45, 22, 0, 0, 0, 0, 0, 2, 0, 0, 0, 0, 1, -0.296505, -0.31076, -0.344973, -0.376334, -0.36493, 5.3542, -0.36493, -0.359228, -0.444758, -0.370632, 1, 0.104, 0.109, 0.121, 0.132, 0.128, 0.122, 0.128, 0.126, 0.156, 0.13, 131, 0.0026775, 
2, 45, 35, 0, 0, 0, 0, 0, 0, 0, 0, 1, 0, 1, -0.329784, -0.260163, -0.271156, -0.282149, -0.30047, -0.282149, -0.282149, -0.241842, 3.38212, -0.260163, 1, 0.09, 0.071, 0.074, 0.077, 0.082, 0.077, 0.077, 0.066, 0.077, 0.071, 43, 0.00634664, 
3, 46, 21, 0, 0, 0, 0, 1, 0, 0, 0, 0, 0, 1, -0.0742216, -0.0848247, -0.106031, -0.106031, 10.5077, -0.0742216, -0.106031, -0.148443, -0.13784, -0.0424124, 1, 0.007, 0.008, 0.01, 0.01, 0.009, 0.007, 0.01, 0.014, 0.013, 0.004, 1, 0.0943121, 
2, 46, 49, 0, 0, 0, 0, 0, 0, 0, 0, 0, 1, 1, -0.217574, -0.13947, -0.195259, -0.161786, -0.217574, -0.228732, -0.223153, -0.18968, -0.145049, 5.42819, 1, 0.039, 0.025, 0.035, 0.029, 0.039, 0.041, 0.04, 0.034, 0.026, 0.027, 1, 0.179249, 
2, 47, 3, 0, 0, 0, 0, 0, 0, 0, 1, 0, 0, 1, -0.266368, -0.241396, -0.233072, -0.237234, -0.287178, -0.316313, -0.237234, 3.88315, -0.262206, -0.2081, 1, 0.064, 0.058, 0.056, 0.057, 0.069, 0.076, 0.057, 0.067, 0.063, 0.05, 14, 0.0171621, 
3, 47, 12, 0, 2, 0, 1, 0, 0, 0, 0, 0, 0, 1, -0.498262, 3.42284, -0.535681, 1.45737, -0.521895, -0.517956, -0.590824, -0.529772, -0.561283, -0.559314, 1, 0.253, 0.262, 0.272, 0.26, 0.265, 0.263, 0.3, 0.269, 0.285, 0.284, 14, 0.0362689, 
1, 47, 15, 0, 0, 1, 0, 0, 0, 0, 1, 0, 0, 1, -0.303968, -0.325424, 3.27928, -0.300392, -0.286087, -0.239598, -0.296816, 3.26855, -0.271783, -0.218142, 1, 0.085, 0.091, 0.083, 0.084, 0.08, 0.067, 0.083, 0.086, 0.076, 0.061, 13, 0.0215104, 
3, 47, 17, 0, 1, 0, 0, 0, 0, 0, 0, 0, 0, 1, -0.22047, 3.96846, -0.191352, -0.23295, -0.266228, -0.249589, -0.23711, -0.249589, -0.320306, -0.316146, 1, 0.053, 0.046, 0.046, 0.056, 0.064, 0.06, 0.057, 0.06, 0.077, 0.076, 13, 0.0184919, 
3, 47, 19, 0, 0, 0, 1, 0, 0, 0, 0, 0, 0, 1, -0.272664, -0.285249, -0.209742, 3.95573, -0.197157, -0.276859, -0.222326, -0.234911, -0.201352, -0.197157, 1, 0.065, 0.068, 0.05, 0.057, 0.047, 0.066, 0.053, 0.056, 0.048, 0.047, 14, 0.0170278, 
2, 47, 22, 0, 0, 0, 0, 0, 1, 0, 0, 0, 0, 1, -0.135899, -0.151888, -0.167876, -0.191858, -0.223834, 7.85819, -0.0719468, -0.095929, -0.103923, -0.0479645, 1, 0.017, 0.019, 0.021, 0.024, 0.028, 0.017, 0.009, 0.012, 0.013, 0.006, 4, 0.0312731, 
2, 47, 25, 0, 0, 0, 0, 0, 1, 0, 0, 0, 0, 1, -0.246622, -0.223355, -0.246622, -0.260581, -0.251275, 4.41592, -0.232662, -0.18613, -0.204743, -0.176823, 1, 0.053, 0.048, 0.053, 0.056, 0.054, 0.051, 0.05, 0.04, 0.044, 0.038, 8, 0.026863, 
3, 47, 28, 1, 0, 0, 0, 0, 0, 0, 0, 0, 0, 1, 7.60358, -0.18755, -0.18755, -0.132848, -0.117219, -0.132848, -0.101589, -0.0781457, -0.0781457, -0.0937748, 1, 0.027, 0.024, 0.024, 0.017, 0.015, 0.017, 0.013, 0.01, 0.01, 0.012, 11, 0.0116333, 
2, 47, 37, 0, 0, 2, 0, 0, 0, 1, 3, 0, 1, 1, -0.646416, -0.684361, 1.96364, -0.696558, -0.777868, -0.750764, 0.593565, 3.34456, -0.822588, 0.632865, 1, 0.477, 0.505, 0.551, 0.514, 0.574, 0.554, 0.562, 0.532, 0.607, 0.533, 14, 0.0527082, 
2, 47, 38, 0, 0, 0, 0, 0, 0, 0, 1, 0, 0, 1, -0.280079, -0.283813, -0.265142, -0.317423, -0.253938, -0.253938, -0.224063, 3.46178, -0.265142, -0.265142, 1, 0.075, 0.076, 0.071, 0.085, 0.068, 0.068, 0.06, 0.073, 0.071, 0.071, 13, 0.0205986, 
2, 47, 43, 0, 0, 0, 0, 0, 0, 0, 1, 0, 0, 1, -0.213639, -0.137831, -0.144723, -0.151615, -0.13094, -0.158506, -0.110265, 6.76752, -0.137831, -0.186072, 1, 0.031, 0.02, 0.021, 0.022, 0.019, 0.023, 0.016, 0.018, 0.02, 0.027, 13, 0.0111619, 
2, 47, 46, 0, 0, 0, 0, 0, 1, 0, 0, 0, 0, 1, -0.0428986, -0.100097, -0.028599, -0.100097, -0.0428986, 14.2137, -0.100097, -0.0857971, -0.0571981, -0.0857971, 1, 0.003, 0.007, 0.002, 0.007, 0.003, 0.006, 0.007, 0.006, 0.004, 0.006, 4, 0.0174831, 
2, 47, 49, 0, 0, 0, 0, 0, 1, 1, 2, 0, 0, 1, -0.419348, -0.476733, -0.401691, -0.42597, -0.465697, 1.69946, 1.71933, 3.95953, -0.474526, -0.450248, 1, 0.19, 0.216, 0.182, 0.193, 0.211, 0.23, 0.221, 0.206, 0.215, 0.204, 14, 0.0323631, 
2, 48, 8, 0, 0, 0, 0, 0, 0, 1, 0, 0, 0, 1, -0.181749, -0.186532, -0.196098, -0.200881, -0.186532, -0.220012, 4.53895, -0.215229, -0.258275, -0.258275, 1, 0.038, 0.039, 0.041, 0.042, 0.039, 0.046, 0.051, 0.045, 0.054, 0.054, 14, 0.0149342, 
3, 48, 12, 0, 0, 0, 1, 2, 0, 0, 1, 0, 0, 1, -0.576782, -0.555774, -0.551954, 1.34455, 3.31745, -0.509937, -0.496568, 1.33309, -0.496568, -0.481289, 1, 0.302, 0.291, 0.289, 0.296, 0.263, 0.267, 0.26, 0.302, 0.26, 0.252, 20, 0.0261797, 
3, 48, 15, 0, 0, 0, 0, 1, 0, 0, 0, 0, 0, 1, -0.170582, -0.183703, -0.118095, -0.144338, 6.40993, -0.183703, -0.183703, -0.144338, -0.150899, -0.111534, 1, 0.026, 0.028, 0.018, 0.022, 0.023, 0.028, 0.028, 0.022, 0.023, 0.017, 19, 0.00802209, 
2, 48, 17, 0, 0, 0, 0, 0, 2, 1, 0, 0, 0, 1, -0.240454, -0.240454, -0.214691, -0.210397, -0.253335, 8.37724, 4.04907, -0.270511, -0.253335, -0.214691, 1, 0.056, 0.056, 0.05, 0.049, 0.059, 0.049, 0.057, 0.063, 0.059, 0.05, 20, 0.0116446, 
1, 48, 33, 0, 0, 0, 0, 1, 0, 1, 0, 0, 0, 1, -0.199695, -0.159756, -0.0958536, -0.151768, 7.83603, -0.135793, 7.89195, -0.111829, -0.103841, -0.0878658, 1, 0.025, 0.02, 0.012, 0.019, 0.019, 0.017, 0.012, 0.014, 0.013, 0.011, 13, 0.00963007, 
2, 48, 49, 0, 0, 0, 0, 1, 0, 0, 0, 0, 2, 1, -0.499832, -0.547816, -0.541818, -0.521824, 1.46551, -0.50583, -0.509828, -0.511828, -0.515826, 3.53481, 1, 0.25, 0.274, 0.271, 0.261, 0.267, 0.253, 0.255, 0.256, 0.258, 0.232, 20, 0.0250084, 
3, 49, 3, 0, 0, 1, 0, 0, 0, 0, 0, 0, 0, 1, -0.225289, -0.161621, 4.66741, -0.220392, -0.28406, -0.181211, -0.210596, -0.186109, -0.210596, -0.205699, 1, 0.046, 0.033, 0.047, 0.045, 0.058, 0.037, 0.043, 0.038, 0.043, 0.042, 4, 0.0510455, 
2, 49, 37, 0, 0, 0, 0, 0, 0, 1, 0, 2, 0, 1, -0.458096, -0.521659, -0.442753, -0.47563, -0.537002, -0.433985, 1.76663, -0.440561, 3.816, -0.488781, 1, 0.209, 0.238, 0.202, 0.217, 0.245, 0.198, 0.194, 0.201, 0.259, 0.223, 5, 0.0912473, 
3, 50, 3, 0, 0, 0, 1, 0, 0, 0, 0, 0, 0, 1, -0.190308, -0.161473, -0.178774, 5.60543, -0.155706, -0.196075, -0.155706, -0.155706, -0.184541, -0.155706, 1, 0.033, 0.028, 0.031, 0.028, 0.027, 0.034, 0.027, 0.027, 0.032, 0.027, 6, 0.0289006, 
3, 50, 17, 0, 1, 0, 0, 0, 0, 0, 0, 0, 0, 1, -0.235203, 6.01006, -0.154739, -0.204255, -0.241393, -0.105222, -0.167118, -0.167118, -0.129981, -0.0990329, 1, 0.038, 0.029, 0.025, 0.033, 0.039, 0.017, 0.027, 0.027, 0.021, 0.016, 6, 0.0269271, 
2, 50, 21, 0, 0, 0, 0, 0, 0, 1, 0, 0, 0, 1, -0.195533, -0.19052, -0.195533, -0.175479, -0.180492, -0.235643, 4.82817, -0.230629, -0.175479, -0.215588, 1, 0.039, 0.038, 0.039, 0.035, 0.036, 0.047, 0.037, 0.046, 0.035, 0.043, 6, 0.0332424, 
2, 51, 17, 2, 1, 5, 1, 1, 4, 7, 3, 2, 3, 1, -0.1216, -0.876622, 1.90026, -0.804487, -0.822349, 1.13769, 3.32237, 0.591514, -0.171752, 0.557164, 1, 2.177, 2.276, 2.234, 2.171, 2.197, 2.344, 2.164, 2.139, 2.25, 2.189, 365, 0.00398791, 
2, 51, 42, 0, 0, 0, 0, 0, 0, 1, 0, 0, 0, 1, -0.236005, -0.175491, -0.145234, -0.145234, -0.157336, -0.163388, 5.88196, -0.139182, -0.193645, -0.127079, 1, 0.039, 0.029, 0.024, 0.024, 0.026, 0.027, 0.028, 0.023, 0.032, 0.021, 41, 0.00403051, 
2, 51, 43, 0, 1, 1, 0, 1, 1, 0, 0, 3, 0, 1, -0.729045, 0.658674, 0.646007, -0.779713, 0.691045, 0.720601, -0.727638, -0.796602, 3.49041, -0.676971, 1, 0.518, 0.532, 0.541, 0.554, 0.509, 0.488, 0.517, 0.566, 0.52, 0.481, 202, 0.00351742, 
2, 51, 47, 0, 0, 0, 0, 0, 2, 0, 0, 0, 0, 1, -0.538715, -0.564089, -0.532859, -0.480159, -0.566041, 3.39624, -0.509437, -0.528955, -0.536763, -0.567993, 1, 0.276, 0.289, 0.273, 0.246, 0.29, 0.26, 0.261, 0.271, 0.275, 0.291, 281, 0.00182324, 
2, 51, 50, 0, 0, 0, 0, 0, 0, 0, 0, 0, 2, 1, -0.351955, -0.369552, -0.414804, -0.455027, -0.434915, -0.379608, -0.407262, -0.444971, -0.414804, 4.55278, 1, 0.14, 0.147, 0.165, 0.181, 0.173, 0.151, 0.162, 0.177, 0.165, 0.189, 75, 0.00530371, 
2, 52, 2, 1, 2, 0, 2, 1, 4, 1, 1, 0, 1, 1, 0.739172, 2.27277, -0.689894, 2.31906, 0.737679, 5.32502, 0.812342, 0.782477, -0.658535, 0.863114, 1, 0.505, 0.478, 0.462, 0.447, 0.506, 0.434, 0.456, 0.476, 0.441, 0.422, 180, 0.00372038, 
3, 52, 4, 0, 0, 1, 0, 0, 0, 0, 0, 0, 0, 1, -0.227678, -0.268335, 3.80955, -0.223613, -0.182956, -0.272401, -0.26427, -0.26427, -0.304926, -0.219547, 1, 0.056, 0.066, 0.063, 0.055, 0.045, 0.067, 0.065, 0.065, 0.075, 0.054, 27, 0.00910967, 
3, 52, 7, 0, 0, 1, 1, 0, 0, 0, 0, 0, 0, 1, -0.248645, -0.244124, 4.30382, 4.25409, -0.239604, -0.212479, -0.22152, -0.203437, -0.198916, -0.185354, 1, 0.055, 0.054, 0.048, 0.059, 0.053, 0.047, 0.049, 0.045, 0.044, 0.041, 47, 0.00470636, 
2, 52, 11, 0, 0, 0, 0, 0, 0, 1, 0, 0, 0, 1, -0.210418, -0.283108, -0.260154, -0.294586, -0.229547, -0.260154, 3.5312, -0.329018, -0.271631, -0.263979, 1, 0.055, 0.074, 0.068, 0.077, 0.06, 0.068, 0.077, 0.086, 0.071, 0.069, 55, 0.00475244, 
3, 52, 15, 1, 1, 4, 0, 5, 0, 4, 0, 2, 2, 1, 0.158003, 0.107401, 3.12185, -0.942853, 4.24129, -0.959376, 3.14457, -0.950082, 1.10602, 1.09879, 1, 0.847, 0.896, 0.977, 0.913, 0.893, 0.929, 0.955, 0.92, 0.929, 0.936, 204, 0.00474675, 
3, 52, 17, 1, 0, 2, 3, 5, 1, 1, 2, 0, 0, 1, -0.164569, -1.07555, 0.707738, 1.65109, 3.45236, -0.167267, -0.193347, 0.736516, -1.09083, -1.07735, 1, 1.183, 1.196, 1.213, 1.164, 1.161, 1.186, 1.215, 1.181, 1.213, 1.198, 193, 0.00576162, 
3, 52, 26, 0, 0, 0, 1, 0, 0, 0, 0, 0, 0, 1, -0.173982, -0.191981, -0.179982, 5.77142, -0.221978, -0.179982, -0.161984, -0.137986, -0.149985, -0.107989, 1, 0.029, 0.032, 0.03, 0.038, 0.037, 0.03, 0.027, 0.023, 0.025, 0.018, 24, 0.00694515, 
2, 52, 29, 0, 0, 0, 1, 0, 0, 0, 1, 0, 2, 1, -0.443166, -0.415294, -0.35955, 2.38027, -0.356762, -0.337252, -0.35955, 2.42766, -0.253636, 5.25946, 1, 0.159, 0.149, 0.129, 0.146, 0.128, 0.121, 0.129, 0.129, 0.091, 0.113, 70, 0.00512546, 
3, 53, 6, 0, 1, 0, 0, 0, 0, 0, 0, 0, 0, 1, -0.237925, 3.97376, -0.254621, -0.246273, -0.242099, -0.21288, -0.237925, -0.313059, -0.279666, -0.242099, 1, 0.057, 0.048, 0.061, 0.059, 0.058, 0.051, 0.057, 0.075, 0.067, 0.058, 46, 0.00520807, 
2, 53, 9, 0, 0, 0, 0, 0, 0, 0, 0, 2, 0, 1, -0.47609, -0.420079, -0.473756, -0.42708, -0.401409, -0.483091, -0.380405, -0.450418, 4.2428, -0.438749, 1, 0.204, 0.18, 0.203, 0.183, 0.172, 0.207, 0.163, 0.193, 0.182, 0.188, 67, 0.00639538, 
3, 53, 24, 1, 0, 0, 1, 0, 0, 0, 0, 0, 0, 1, 3.37496, -0.22954, -0.261819, 3.30681, -0.261819, -0.276166, -0.383763, -0.319204, -0.315618, -0.35507, 1, 0.059, 0.064, 0.073, 0.078, 0.073, 0.077, 0.107, 0.089, 0.088, 0.099, 60, 0.00464697, 
3, 53, 29, 0, 1, 0, 0, 0, 0, 0, 0, 0, 0, 1, -0.249067, 5.53607, -0.1868, -0.175479, -0.192461, -0.192461, -0.147176, -0.169818, -0.198121, -0.147176, 1, 0.044, 0.022, 0.033, 0.031, 0.034, 0.034, 0.026, 0.03, 0.035, 0.026, 24, 0.00736082, 
2, 53, 44, 0, 0, 0, 0, 0, 0, 0, 0, 1, 0, 1, -0.202469, -0.173545, -0.173545, -0.13739, -0.159083, -0.13739, -0.0940036, -0.144621, 7.10812, -0.0867726, 1, 0.028, 0.024, 0.024, 0.019, 0.022, 0.019, 0.013, 0.02, 0.017, 0.012, 26, 0.00531894, 
2, 54, 2, 2, 0, 0, 1, 0, 1, 0, 3, 0, 0, 1, 1.92074, -0.84243, -0.783123, 0.587679, -0.785819, 0.578244, -0.820864, 3.32928, -0.7656, -0.753469, 1, 0.575, 0.625, 0.581, 0.564, 0.583, 0.571, 0.609, 0.53, 0.568, 0.559, 159, 0.00466605, 
2, 54, 6, 0, 0, 0, 0, 0, 0, 0, 1, 0, 1, 1, -0.280346, -0.268981, -0.265192, -0.329596, -0.24625, -0.257615, -0.287923, 3.51948, -0.215942, 3.53463, 1, 0.074, 0.071, 0.07, 0.087, 0.065, 0.068, 0.076, 0.071, 0.057, 0.067, 83, 0.00318023, 
3, 54, 10, 0, 0, 0, 2, 0, 0, 0, 0, 0, 0, 1, -0.344566, -0.367537, -0.39306, 4.71927, -0.400717, -0.344566, -0.382851, -0.418584, -0.387955, -0.428793, 1, 0.135, 0.144, 0.154, 0.151, 0.157, 0.135, 0.15, 0.164, 0.152, 0.168, 51, 0.00768231, 
3, 54, 17, 2, 0, 5, 1, 0, 0, 2, 1, 0, 2, 1, 1.19361, -0.931521, 4.35236, 0.154727, -0.922048, -0.938889, 1.15572, 0.0894681, -0.893629, 1.15677, 1, 0.866, 0.885, 0.865, 0.853, 0.876, 0.892, 0.902, 0.915, 0.849, 0.901, 159, 0.00597521, 
3, 54, 22, 0, 0, 1, 0, 0, 0, 0, 0, 0, 0, 1, -0.251047, -0.229217, 3.38004, -0.261962, -0.236493, -0.28743, -0.283792, -0.345644, -0.298345, -0.331091, 1, 0.069, 0.063, 0.071, 0.072, 0.065, 0.079, 0.078, 0.095, 0.082, 0.091, 67, 0.00410223, 
3, 54, 23, 1, 0, 0, 0, 0, 0, 0, 0, 0, 0, 1, 7.11038, -0.181758, -0.189029, -0.159947, -0.116325, -0.123596, -0.101785, -0.0945143, -0.116325, -0.0945143, 1, 0.022, 0.025, 0.026, 0.022, 0.016, 0.017, 0.014, 0.013, 0.016, 0.013, 16, 0.00859658, 
2, 54, 41, 0, 0, 0, 1, 0, 0, 0, 0, 1, 2, 1, -0.447624, -0.43007, -0.403739, 1.72906, -0.495897, -0.456401, -0.449818, -0.517839, 1.72686, 3.91013, 1, 0.204, 0.196, 0.184, 0.212, 0.226, 0.208, 0.205, 0.236, 0.213, 0.218, 135, 0.00337585, 
2, 54, 42, 0, 0, 0, 0, 0, 0, 0, 0, 0, 1, 1, -0.175897, -0.151636, -0.181963, -0.260813, -0.14557, -0.169832, -0.200159, -0.151636, -0.115243, 5.92592, 1, 0.029, 0.025, 0.03, 0.043, 0.024, 0.028, 0.033, 0.025, 0.019, 0.023, 31, 0.00531835, 
1, 54, 43, 0, 0, 0, 2, 1, 0, 0, 0, 0, 2, 1, -0.476173, -0.421149, -0.53543, 3.75648, 1.6465, -0.484638, -0.476173, -0.543895, -0.573524, 3.74801, 1, 0.225, 0.199, 0.253, 0.225, 0.222, 0.229, 0.225, 0.257, 0.271, 0.229, 107, 0.00441605, 
1, 54, 44, 0, 0, 0, 1, 0, 0, 0, 0, 1, 0, 1, -0.232891, -0.166978, -0.250467, 4.16127, -0.206526, -0.232891, -0.202131, -0.254861, 4.09097, -0.193343, 1, 0.053, 0.038, 0.057, 0.053, 0.047, 0.053, 0.046, 0.058, 0.069, 0.044, 48, 0.00474114, 
3, 55, 4, 0, 0, 0, 1, 0, 0, 0, 0, 0, 0, 1, -0.309971, -0.299031, -0.313617, 3.36227, -0.240683, -0.207863, -0.280797, -0.28809, -0.350085, -0.299031, 1, 0.085, 0.082, 0.086, 0.078, 0.066, 0.057, 0.077, 0.079, 0.096, 0.082, 17, 0.0161306, 
2, 55, 6, 0, 0, 0, 0, 0, 0, 0, 1, 0, 0, 1, -0.250836, -0.324612, -0.284035, -0.295101, -0.317234, -0.276658, -0.272969, 3.47482, -0.26928, -0.287724, 1, 0.068, 0.088, 0.077, 0.08, 0.086, 0.075, 0.074, 0.058, 0.073, 0.078, 46, 0.00589333, 
2, 55, 8, 1, 0, 0, 0, 0, 0, 2, 0, 0, 0, 1, 1.65988, -0.437385, -0.450507, -0.459254, -0.426451, -0.487684, 3.92991, -0.424264, -0.461441, -0.509554, 1, 0.241, 0.2, 0.206, 0.21, 0.195, 0.223, 0.203, 0.194, 0.211, 0.233, 78, 0.00586234, 
3, 55, 13, 0, 0, 1, 0, 0, 0, 0, 0, 0, 0, 1, -0.308894, -0.19619, 3.8737, -0.262977, -0.237932, -0.237932, -0.208712, -0.229583, -0.217061, -0.16697, 1, 0.074, 0.047, 0.072, 0.063, 0.057, 0.057, 0.05, 0.055, 0.052, 0.04, 39, 0.00614267, 
3, 55, 22, 0, 1, 1, 0, 0, 0, 0, 0, 0, 0, 1, -0.256927, 5.8971, 5.92157, -0.189637, -0.195754, -0.134581, -0.140698, -0.110112, -0.140698, -0.0978771, 1, 0.042, 0.036, 0.032, 0.031, 0.032, 0.022, 0.023, 0.018, 0.023, 0.016, 35, 0.00467058, 
3, 55, 25, 0, 0, 0, 0, 1, 0, 0, 0, 0, 0, 1, -0.267986, -0.283521, -0.236915, -0.279637, 3.56926, -0.27187, -0.30294, -0.240799, -0.225263, -0.225263, 1, 0.069, 0.073, 0.061, 0.072, 0.081, 0.07, 0.078, 0.062, 0.058, 0.058, 60, 0.00429127, 
2, 55, 30, 0, 0, 0, 0, 0, 0, 1, 0, 0, 0, 1, -0.247527, -0.284471, -0.295554, -0.265999, -0.332499, -0.295554, 3.42843, -0.247527, -0.269693, -0.317721, 1, 0.067, 0.077, 0.08, 0.072, 0.09, 0.08, 0.072, 0.067, 0.073, 0.086, 31, 0.00873154, 
1, 55, 31, 0, 0, 0, 0, 1, 0, 0, 0, 0, 1, 1, -0.185791, -0.191597, -0.168373, -0.232239, 5.65502, -0.162567, -0.185791, -0.179985, -0.121926, 5.59696, 1, 0.032, 0.033, 0.029, 0.04, 0.026, 0.028, 0.032, 0.031, 0.021, 0.036, 25, 0.00688945, 
2, 55, 48, 0, 0, 0, 0, 0, 0, 0, 0, 0, 1, 1, -0.314085, -0.329041, -0.355215, -0.295389, -0.310346, -0.228085, -0.257998, -0.276694, -0.224346, 3.54093, 1, 0.084, 0.088, 0.095, 0.079, 0.083, 0.061, 0.069, 0.074, 0.06, 0.053, 84, 0.00318386, 
2, 56, 5, 0, 0, 0, 0, 0, 1, 0, 0, 0, 0, 1, -0.045674, -0.0761234, -0.106573, -0.106573, -0.137022, 15.1942, -0.0152247, -0.137022, -0.0304493, -0.045674, 1, 0.003, 0.005, 0.007, 0.007, 0.009, 0.002, 0.001, 0.009, 0.002, 0.003, 4, 0.0164207, 
2, 56, 37, 1, 0, 0, 1, 0, 0, 2, 1, 0, 0, 1, 1.76405, -0.453023, -0.464463, 1.84184, -0.446159, -0.510223, 4.09551, 1.85099, -0.409551, -0.453023, 1, 0.229, 0.198, 0.203, 0.195, 0.195, 0.223, 0.21, 0.191, 0.179, 0.198, 7, 0.0624377, 
3, 57, 16, 0, 0, 1, 0, 0, 0, 0, 0, 0, 0, 1, -0.159033, -0.131881, 3.69656, -0.213338, -0.182307, -0.147397, -0.232732, -0.190064, -0.221095, -0.224974, 1, 0.041, 0.034, 0.047, 0.055, 0.047, 0.038, 0.06, 0.049, 0.057, 0.058, 5, 0.0515615, 
3, 58, 2, 0, 0, 0, 0, 2, 0, 0, 0, 0, 0, 1, -0.478955, -0.445259, -0.457293, -0.442852, 4.44056, -0.498209, -0.39231, -0.428412, -0.353801, -0.401937, 1, 0.199, 0.185, 0.19, 0.184, 0.155, 0.207, 0.163, 0.178, 0.147, 0.167, 50, 0.00830976, 
2, 58, 9, 0, 0, 0, 0, 0, 0, 0, 1, 0, 0, 1, -0.225304, -0.186309, -0.225304, -0.190642, -0.342288, -0.259966, -0.216638, 4.11613, -0.268631, -0.207973, 1, 0.052, 0.043, 0.052, 0.044, 0.079, 0.06, 0.05, 0.05, 0.062, 0.048, 31, 0.00744514, 
3, 58, 15, 0, 0, 2, 0, 0, 0, 1, 0, 0, 0, 1, -0.440821, -0.452899, 3.53664, -0.503221, -0.541465, -0.497182, 1.47947, -0.448873, -0.517311, -0.53744, 1, 0.219, 0.225, 0.243, 0.25, 0.269, 0.247, 0.265, 0.223, 0.257, 0.267, 53, 0.00937358, 
2, 58, 17, 2, 0, 2, 0, 2, 0, 0, 0, 1, 3, 1, 2.7177, -0.618798, 2.73275, -0.628833, 2.7478, -0.598729, -0.615454, -0.610436, 0.99175, 4.38343, 1, 0.375, 0.37, 0.366, 0.376, 0.357, 0.358, 0.368, 0.365, 0.407, 0.379, 53, 0.0112818, 
1, 58, 20, 0, 0, 0, 0, 1, 1, 0, 0, 0, 0, 1, -0.226116, -0.248728, -0.257772, -0.284906, 4.28264, 4.26907, -0.221594, -0.153759, -0.189937, -0.221594, 1, 0.05, 0.055, 0.057, 0.063, 0.053, 0.056, 0.049, 0.034, 0.042, 0.049, 39, 0.00566988, 
3, 58, 22, 1, 0, 0, 0, 0, 0, 0, 0, 0, 0, 1, 7.44772, -0.0988972, -0.15215, -0.129327, -0.114112, -0.12172, -0.129327, -0.106505, -0.167364, -0.136935, 1, 0.021, 0.013, 0.02, 0.017, 0.015, 0.016, 0.017, 0.014, 0.022, 0.018, 18, 0.00730276, 
2, 58, 28, 0, 0, 0, 0, 0, 0, 0, 0, 1, 0, 1, -0.287518, -0.234554, -0.245903, -0.204289, -0.314, -0.261036, -0.245903, -0.264819, 3.44265, -0.291301, 1, 0.076, 0.062, 0.065, 0.054, 0.083, 0.069, 0.065, 0.07, 0.09, 0.077, 44, 0.00600754, 
3, 58, 29, 1, 0, 0, 0, 0, 0, 0, 0, 0, 0, 1, 7.00555, -0.152769, -0.13822, -0.13822, -0.152769, -0.130945, -0.109121, -0.101846, -0.130945, -0.0945713, 1, 0.037, 0.021, 0.019, 0.019, 0.021, 0.018, 0.015, 0.014, 0.018, 0.013, 25, 0.0054985, 
1, 58, 34, 1, 0, 0, 0, 0, 0, 0, 0, 0, 1, 1, 5.47315, -0.159136, -0.215971, -0.19892, -0.113669, -0.187553, -0.238704, -0.119352, -0.159136, 5.56409, 1, 0.037, 0.028, 0.038, 0.035, 0.02, 0.033, 0.042, 0.021, 0.028, 0.021, 29, 0.00606724, 
3, 58, 36, 0, 0, 1, 0, 0, 0, 0, 0, 0, 0, 1, -0.159906, -0.126592, 6.50283, -0.126592, -0.153243, -0.186557, -0.099941, -0.139917, -0.199882, -0.199882, 1, 0.024, 0.019, 0.024, 0.019, 0.023, 0.028, 0.015, 0.021, 0.03, 0.03, 13, 0.0115453, 
1, 58, 43, 0, 1, 0, 0, 0, 1, 0, 0, 0, 0, 1, -0.244107, 4.4925, -0.173691, -0.206552, -0.201857, 4.48311, -0.211246, -0.220635, -0.25819, -0.239412, 1, 0.052, 0.043, 0.037, 0.044, 0.043, 0.045, 0.045, 0.047, 0.055, 0.051, 31, 0.00687167, 
2, 58, 47, 0, 0, 0, 0, 0, 0, 1, 0, 0, 0, 1, -0.266933, -0.27059, -0.307156, -0.299843, -0.28156, -0.241337, 3.35677, -0.28156, -0.299843, -0.255963, 1, 0.073, 0.074, 0.084, 0.082, 0.077, 0.066, 0.082, 0.077, 0.082, 0.07, 41, 0.00667017, 
2, 58, 50, 0, 0, 0, 0, 0, 0, 0, 0, 1, 0, 1, -0.184523, -0.271928, -0.28164, -0.22337, -0.184523, -0.184523, -0.247649, -0.252505, 4.6762, -0.145676, 1, 0.038, 0.056, 0.058, 0.046, 0.038, 0.038, 0.051, 0.052, 0.037, 0.03, 21, 0.00980651, 
1, 59, 4, 0, 0, 1, 0, 0, 0, 1, 0, 0, 0, 1, -0.248756, -0.252309, 3.26936, -0.302061, -0.323383, -0.326936, 3.23738, -0.2914, -0.280739, -0.305614, 1, 0.07, 0.071, 0.08, 0.085, 0.091, 0.092, 0.089, 0.082, 0.079, 0.086, 25, 0.011256, 
2, 59, 10, 0, 0, 0, 0, 0, 0, 0, 0, 1, 0, 1, -0.31392, -0.274229, -0.288662, -0.252579, -0.252579, -0.267013, -0.331962, -0.288662, 3.31962, -0.299487, 1, 0.087, 0.076, 0.08, 0.07, 0.07, 0.074, 0.092, 0.08, 0.08, 0.083, 68, 0.0040756, 
2, 59, 29, 0, 0, 0, 0, 0, 0, 0, 1, 0, 0, 1, -0.154391, -0.200291, -0.221155, -0.233673, -0.267055, -0.258709, -0.216982, 3.86812, -0.283746, -0.312955, 1, 0.037, 0.048, 0.053, 0.056, 0.064, 0.062, 0.052, 0.073, 0.068, 0.075, 45, 0.00532558, 
2, 59, 31, 0, 0, 0, 0, 0, 0, 2, 0, 0, 0, 1, -0.200791, -0.204889, -0.229475, -0.225378, -0.245866, -0.299137, 7.94968, -0.307333, -0.262257, -0.323724, 1, 0.049, 0.05, 0.056, 0.055, 0.06, 0.073, 0.06, 0.075, 0.064, 0.079, 50, 0.0048807, 
3, 59, 35, 0, 0, 0, 0, 1, 0, 0, 0, 0, 0, 1, -0.245708, -0.280193, -0.237086, -0.228465, 4.06064, -0.228465, -0.176737, -0.228465, -0.19398, -0.228465, 1, 0.057, 0.065, 0.055, 0.053, 0.058, 0.053, 0.041, 0.053, 0.045, 0.053, 24, 0.00966595, 
3, 59, 38, 2, 0, 1, 1, 0, 1, 1, 0, 1, 0, 1, 3.30945, -0.485438, 1.42549, 1.36963, -0.529743, 1.35614, 1.41779, -0.487364, 1.41393, -0.575976, 1, 0.282, 0.252, 0.26, 0.289, 0.275, 0.296, 0.264, 0.253, 0.266, 0.299, 154, 0.0033709, 
2, 59, 42, 0, 0, 0, 0, 0, 0, 1, 0, 0, 0, 1, -0.309335, -0.25587, -0.294059, -0.305516, -0.225318, -0.286421, 3.53253, -0.248232, -0.267326, -0.240594, 1, 0.081, 0.067, 0.077, 0.08, 0.059, 0.075, 0.075, 0.065, 0.07, 0.063, 44, 0.00595118, 
2, 59, 48, 1, 0, 0, 0, 0, 0, 2, 1, 1, 0, 1, 1.93572, -0.315434, -0.383514, -0.344935, -0.39713, -0.426631, 4.1778, 1.84722, 1.81091, -0.378975, 1, 0.147, 0.139, 0.169, 0.152, 0.175, 0.188, 0.159, 0.186, 0.202, 0.167, 146, 0.00301823, 
3, 60, 43, 0, 1, 0, 0, 5, 0, 1, 1, 1, 2, 1, -0.812939, 0.347058, -0.802351, -0.768233, 5.12116, -0.792939, 0.335293, 0.364705, 0.369411, 1.51411, 1, 0.691, 0.705, 0.682, 0.653, 0.647, 0.674, 0.715, 0.69, 0.686, 0.713, 348, 0.00244254, 
3, 61, 4, 0, 0, 0, 1, 0, 0, 0, 0, 0, 0, 1, -0.26977, -0.261068, -0.278472, 4.08136, -0.23061, -0.213205, -0.248014, -0.252366, -0.217556, -0.182747, 1, 0.062, 0.06, 0.064, 0.062, 0.053, 0.049, 0.057, 0.058, 0.05, 0.042, 22, 0.0104466, 
2, 61, 23, 0, 0, 0, 0, 0, 0, 0, 1, 0, 0, 1, -0.204156, -0.21323, -0.21323, -0.190546, -0.235914, -0.24045, -0.21323, 4.28274, -0.276745, -0.267671, 1, 0.045, 0.047, 0.047, 0.042, 0.052, 0.053, 0.047, 0.056, 0.061, 0.059, 28, 0.00787213, 
3, 61, 25, 0, 2, 0, 0, 0, 1, 0, 1, 0, 0, 1, -0.465048, 4.62507, -0.513331, -0.365939, -0.376104, 2.10923, -0.444718, 2.12956, -0.315114, -0.391352, 1, 0.183, 0.18, 0.202, 0.144, 0.148, 0.17, 0.175, 0.162, 0.124, 0.154, 126, 0.00312308, 
3, 61, 40, 0, 0, 0, 0, 1, 0, 0, 0, 0, 0, 1, -0.291539, -0.240091, -0.158632, -0.201505, 4.04296, -0.240091, -0.205792, -0.25724, -0.278677, -0.231516, 1, 0.068, 0.056, 0.037, 0.047, 0.057, 0.056, 0.048, 0.06, 0.065, 0.054, 78, 0.00299032, 
3, 62, 8, 0, 0, 1, 0, 0, 0, 0, 0, 0, 0, 1, -0.200203, -0.200203, 5.08411, -0.194935, -0.184398, -0.263425, -0.189666, -0.152787, -0.173861, -0.168592, 1, 0.038, 0.038, 0.035, 0.037, 0.035, 0.05, 0.036, 0.029, 0.033, 0.032, 6, 0.0316345, 
3, 62, 13, 0, 0, 0, 0, 1, 0, 0, 0, 0, 0, 1, -0.144103, -0.117084, -0.135097, -0.207149, 8.89839, -0.0900647, -0.15311, -0.135097, -0.0360259, -0.0540388, 1, 0.016, 0.013, 0.015, 0.023, 0.012, 0.01, 0.017, 0.015, 0.004, 0.006, 6, 0.0185052, 
1, 62, 16, 1, 0, 0, 0, 0, 1, 0, 0, 0, 0, 1, 3.99186, -0.243457, -0.268643, -0.251853, -0.298026, 3.96668, -0.27284, -0.251853, -0.260248, -0.25605, 1, 0.049, 0.058, 0.064, 0.06, 0.071, 0.055, 0.065, 0.06, 0.062, 0.061, 8, 0.0297793, 
3, 62, 19, 1, 0, 0, 0, 0, 0, 0, 0, 0, 0, 1, 9.1753, -0.122337, -0.0846951, -0.141159, -0.15998, -0.103516, -0.0376423, -0.065874, -0.065874, -0.122337, 1, 0.025, 0.013, 0.009, 0.015, 0.017, 0.011, 0.004, 0.007, 0.007, 0.013, 8, 0.0132829, 
2, 63, 11, 0, 0, 0, 0, 0, 0, 0, 1, 0, 0, 1, -0.296636, -0.271619, -0.289488, -0.289488, -0.310932, -0.275193, -0.289488, 3.25228, -0.296636, -0.275193, 1, 0.083, 0.076, 0.081, 0.081, 0.087, 0.077, 0.081, 0.09, 0.083, 0.077, 54, 0.00518156, 
3, 63, 18, 0, 4, 0, 0, 2, 0, 0, 0, 0, 0, 1, -0.993345, 3.337, -0.99122, -0.886042, 1.19733, -0.977409, -0.983783, -0.878605, -0.955098, -0.955098, 1, 0.935, 0.859, 0.933, 0.834, 0.873, 0.92, 0.926, 0.827, 0.899, 0.899, 216, 0.00435771, 
2, 63, 19, 1, 1, 0, 0, 2, 1, 1, 4, 1, 0, 1, 0.0920694, 0.153449, -0.936568, -0.960908, 1.26992, 0.184139, 0.176731, 3.34096, 0.168265, -0.847674, 1, 0.913, 0.855, 0.885, 0.908, 0.8, 0.826, 0.833, 0.843, 0.841, 0.801, 210, 0.00449971, 
2, 63, 24, 1, 0, 1, 0, 0, 0, 3, 0, 1, 0, 1, 1.30829, -0.578666, 1.18429, -0.587652, -0.596637, -0.62, 4.76771, -0.582261, 1.23281, -0.618203, 1, 0.272, 0.322, 0.341, 0.327, 0.332, 0.345, 0.347, 0.324, 0.314, 0.344, 143, 0.00389127, 
3, 63, 25, 0, 0, 0, 2, 0, 0, 0, 0, 0, 0, 1, -0.444969, -0.435651, -0.396046, 4.22139, -0.428662, -0.36576, -0.396046, -0.358771, -0.435651, -0.351782, 1, 0.191, 0.187, 0.17, 0.188, 0.184, 0.157, 0.17, 0.154, 0.187, 0.151, 133, 0.00322739, 
3, 63, 29, 0, 0, 1, 0, 0, 0, 0, 0, 0, 0, 1, -0.234776, -0.242, 3.35188, -0.274508, -0.296179, -0.335911, -0.227552, -0.281732, -0.321463, -0.292567, 1, 0.065, 0.067, 0.072, 0.076, 0.082, 0.093, 0.063, 0.078, 0.089, 0.081, 86, 0.00321929, 
3, 63, 31, 0, 0, 1, 0, 0, 0, 0, 0, 0, 0, 1, -0.209994, -0.227136, 4.04989, -0.209994, -0.244279, -0.269992, -0.244279, -0.287135, -0.21428, -0.244279, 1, 0.049, 0.053, 0.055, 0.049, 0.057, 0.063, 0.057, 0.067, 0.05, 0.057, 82, 0.00284561, 
2, 63, 36, 0, 0, 0, 0, 0, 0, 1, 0, 0, 0, 1, -0.188556, -0.204952, -0.225448, -0.233646, -0.266438, -0.286933, 3.849, -0.291032, -0.274636, -0.274636, 1, 0.046, 0.05, 0.055, 0.057, 0.065, 0.07, 0.061, 0.071, 0.067, 0.067, 47, 0.00519062, 
2, 64, 4, 0, 0, 0, 0, 0, 0, 0, 1, 0, 0, 1, -0.126937, -0.134404, -0.149338, -0.149338, -0.104537, -0.112004, -0.179206, 7.3101, -0.104537, -0.156805, 1, 0.017, 0.018, 0.02, 0.02, 0.014, 0.015, 0.024, 0.021, 0.014, 0.021, 2, 0.0669621, 
3, 64, 27, 0, 1, 0, 0, 0, 0, 0, 0, 0, 0, 1, -0.145172, 5.00842, -0.243681, -0.279974, -0.197019, -0.186649, -0.222942, -0.202203, -0.17628, -0.191834, 1, 0.028, 0.034, 0.047, 0.054, 0.038, 0.036, 0.043, 0.039, 0.034, 0.037, 2, 0.0964376, 
2, 64, 28, 0, 0, 0, 0, 0, 0, 0, 0, 0, 1, 1, -0.149095, -0.171183, -0.198794, -0.193272, -0.226404, -0.165661, -0.198794, -0.265058, -0.160139, 5.36191, 1, 0.027, 0.031, 0.036, 0.035, 0.041, 0.03, 0.036, 0.048, 0.029, 0.029, 2, 0.0905462, 
