2, 1, 6, 0, 0, 0, 0, 0, 0, 0, 0, 1, 0, 
2, 1, 8, 0, 0, 0, 0, 0, 0, 0, 1, 0, 0, 
3, 1, 12, 0, 0, 0, 1, 0, 0, 0, 0, 0, 0, 
3, 1, 28, 0, 0, 0, 1, 1, 0, 0, 0, 0, 0, 
2, 2, 4, 0, 0, 0, 0, 0, 0, 0, 0, 0, 1, 
3, 2, 20, 1, 3, 0, 0, 1, 1, 0, 0, 1, 1, 
3, 2, 29, 0, 0, 0, 0, 1, 0, 0, 0, 0, 0, 
2, 2, 47, 0, 0, 0, 1, 0, 2, 0, 0, 0, 0, 
3, 2, 50, 2, 1, 1, 0, 0, 0, 0, 0, 0, 0, 
3, 3, 10, 0, 1, 0, 0, 0, 0, 0, 0, 0, 0, 
3, 3, 20, 0, 0, 2, 0, 0, 1, 0, 1, 0, 0, 
3, 3, 22, 0, 0, 0, 1, 0, 0, 0, 0, 0, 0, 
2, 3, 31, 0, 0, 0, 0, 0, 0, 0, 0, 0, 1, 
1, 3, 40, 0, 0, 1, 0, 0, 0, 0, 0, 1, 0, 
2, 3, 44, 0, 0, 0, 0, 0, 0, 1, 0, 0, 0, 
2, 3, 50, 0, 0, 0, 0, 0, 0, 0, 0, 0, 1, 
2, 4, 3, 0, 0, 0, 0, 0, 0, 0, 1, 0, 0, 
2, 4, 16, 0, 0, 0, 0, 0, 1, 0, 0, 0, 0, 
3, 4, 17, 0, 1, 0, 0, 0, 0, 0, 0, 0, 0, 
3, 5, 13, 0, 1, 0, 0, 0, 0, 0, 0, 0, 0, 
1, 5, 20, 2, 0, 0, 0, 0, 1, 2, 0, 0, 1, 
3, 5, 22, 0, 1, 0, 0, 0, 0, 0, 0, 0, 0, 
2, 5, 26, 0, 0, 0, 0, 0, 0, 1, 0, 0, 0, 
3, 5, 27, 1, 0, 1, 0, 2, 0, 0, 0, 1, 1, 
1, 5, 33, 0, 0, 0, 1, 0, 0, 0, 0, 1, 0, 
2, 5, 34, 1, 0, 0, 0, 0, 2, 0, 0, 0, 0, 
3, 5, 36, 1, 0, 0, 0, 0, 0, 0, 0, 0, 0, 
2, 5, 43, 0, 1, 0, 0, 1, 1, 2, 1, 0, 0, 
1, 5, 50, 0, 1, 0, 0, 0, 0, 1, 0, 0, 0, 
1, 6, 2, 0, 0, 1, 0, 0, 0, 0, 0, 1, 0, 
3, 6, 5, 1, 0, 0, 0, 0, 0, 0, 0, 0, 0, 
2, 6, 16, 0, 0, 0, 0, 0, 0, 0, 0, 0, 1, 
2, 6, 18, 0, 0, 0, 0, 0, 0, 1, 0, 0, 0, 
2, 6, 20, 0, 0, 0, 0, 0, 0, 0, 1, 0, 0, 
3, 6, 24, 0, 0, 0, 0, 1, 0, 0, 0, 0, 0, 
2, 6, 44, 0, 0, 0, 0, 0, 0, 1, 0, 0, 0, 
2, 6, 50, 0, 0, 0, 0, 0, 0, 0, 0, 0, 1, 
3, 7, 2, 0, 2, 0, 1, 0, 0, 0, 0, 1, 0, 
2, 7, 6, 0, 0, 0, 0, 0, 0, 0, 0, 1, 0, 
3, 7, 30, 0, 0, 1, 0, 0, 0, 0, 0, 0, 0, 
2, 7, 35, 0, 0, 0, 0, 0, 0, 0, 0, 0, 1, 
2, 7, 45, 0, 0, 0, 0, 0, 0, 0, 0, 1, 0, 
3, 7, 46, 0, 1, 0, 0, 0, 0, 0, 0, 0, 0, 
1, 8, 2, 1, 0, 1, 0, 0, 0, 0, 1, 0, 0, 
3, 8, 21, 0, 1, 2, 1, 3, 0, 0, 0, 0, 1, 
3, 8, 24, 0, 0, 1, 1, 0, 0, 0, 0, 0, 0, 
1, 8, 41, 0, 0, 1, 0, 0, 0, 0, 0, 1, 0, 
3, 8, 45, 0, 1, 0, 0, 0, 0, 0, 0, 0, 0, 
1, 8, 47, 0, 1, 0, 0, 0, 0, 0, 1, 0, 0, 
3, 9, 40, 0, 0, 0, 1, 0, 0, 0, 0, 0, 0, 
3, 10, 9, 0, 2, 0, 0, 0, 0, 0, 0, 0, 0, 
1, 10, 22, 0, 0, 0, 1, 1, 1, 0, 0, 0, 1, 
2, 10, 31, 0, 0, 0, 0, 0, 0, 1, 0, 1, 0, 
2, 10, 32, 0, 0, 0, 0, 0, 0, 0, 0, 0, 2, 
3, 10, 33, 1, 0, 0, 0, 0, 0, 0, 0, 0, 0, 
3, 10, 36, 0, 0, 0, 1, 0, 0, 0, 0, 0, 0, 
3, 10, 42, 1, 0, 0, 0, 0, 0, 0, 0, 0, 0, 
3, 10, 44, 0, 0, 0, 1, 0, 0, 0, 0, 0, 0, 
3, 10, 45, 2, 2, 0, 0, 0, 0, 0, 0, 0, 0, 
2, 10, 46, 0, 0, 0, 0, 0, 2, 1, 0, 0, 0, 
3, 11, 2, 0, 1, 0, 0, 0, 0, 0, 0, 0, 0, 
2, 11, 11, 0, 0, 0, 0, 0, 0, 1, 0, 0, 0, 
3, 11, 17, 1, 0, 0, 0, 0, 0, 0, 0, 0, 0, 
2, 11, 46, 0, 0, 0, 0, 0, 0, 1, 1, 0, 0, 
2, 12, 7, 0, 0, 0, 0, 0, 0, 0, 0, 0, 1, 
3, 12, 19, 2, 7, 1, 0, 2, 4, 0, 2, 0, 0, 
3, 12, 30, 1, 0, 1, 0, 2, 0, 0, 0, 0, 0, 
2, 12, 39, 0, 0, 0, 0, 0, 0, 0, 1, 0, 0, 
2, 12, 41, 0, 1, 1, 0, 0, 0, 0, 0, 0, 4, 
2, 12, 44, 0, 0, 0, 0, 0, 1, 0, 0, 0, 0, 
2, 12, 45, 0, 1, 2, 0, 0, 0, 3, 1, 2, 0, 
3, 12, 46, 0, 0, 0, 1, 2, 0, 0, 0, 0, 0, 
3, 13, 1, 0, 0, 0, 0, 1, 0, 0, 0, 0, 0, 
3, 13, 5, 0, 0, 1, 0, 0, 0, 0, 0, 0, 0, 
1, 13, 12, 0, 2, 0, 0, 0, 2, 0, 0, 0, 1, 
1, 13, 15, 1, 0, 0, 0, 0, 0, 1, 0, 0, 1, 
1, 13, 42, 1, 0, 0, 0, 1, 1, 0, 1, 0, 0, 
3, 14, 3, 1, 2, 0, 0, 0, 0, 0, 0, 0, 0, 
3, 14, 10, 1, 0, 0, 0, 0, 0, 0, 0, 0, 0, 
3, 14, 12, 0, 0, 0, 0, 2, 0, 0, 0, 1, 0, 
2, 14, 18, 0, 0, 0, 0, 0, 0, 0, 0, 1, 0, 
3, 14, 19, 0, 0, 0, 0, 1, 0, 0, 0, 0, 0, 
3, 14, 34, 0, 0, 0, 0, 1, 0, 0, 0, 0, 0, 
3, 14, 40, 0, 0, 1, 0, 0, 0, 0, 0, 0, 0, 
3, 14, 48, 0, 0, 0, 1, 0, 0, 0, 0, 0, 0, 
3, 15, 3, 1, 0, 0, 0, 0, 0, 0, 0, 0, 0, 
3, 15, 16, 2, 0, 1, 0, 0, 1, 0, 0, 0, 0, 
3, 15, 17, 1, 0, 0, 0, 0, 0, 0, 0, 0, 0, 
1, 15, 24, 1, 0, 0, 0, 0, 0, 0, 0, 1, 0, 
3, 15, 41, 0, 0, 0, 0, 1, 0, 0, 0, 0, 0, 
3, 15, 47, 0, 0, 0, 1, 0, 0, 0, 0, 0, 0, 
3, 15, 48, 0, 1, 0, 0, 0, 0, 0, 0, 0, 0, 
2, 17, 6, 0, 0, 0, 0, 0, 0, 0, 0, 1, 0, 
2, 17, 16, 0, 0, 0, 0, 0, 0, 0, 0, 0, 1, 
2, 17, 17, 0, 0, 0, 0, 0, 0, 0, 1, 0, 0, 
2, 17, 49, 0, 0, 0, 0, 0, 0, 1, 0, 0, 0, 
3, 18, 19, 0, 0, 0, 0, 1, 0, 0, 0, 0, 0, 
1, 18, 21, 0, 2, 0, 0, 0, 1, 0, 0, 0, 0, 
2, 18, 49, 0, 1, 0, 0, 0, 0, 2, 0, 0, 0, 
3, 19, 15, 0, 1, 0, 0, 0, 0, 0, 0, 0, 0, 
3, 19, 20, 0, 0, 1, 0, 0, 0, 0, 0, 0, 0, 
2, 19, 45, 0, 0, 0, 0, 0, 0, 0, 0, 1, 0, 
3, 20, 15, 0, 0, 0, 3, 0, 0, 1, 1, 0, 0, 
2, 20, 28, 1, 0, 1, 1, 1, 4, 0, 1, 1, 1, 
3, 20, 30, 0, 0, 1, 0, 0, 0, 0, 0, 0, 0, 
3, 20, 32, 0, 0, 2, 0, 1, 0, 0, 0, 0, 0, 
1, 20, 34, 0, 1, 0, 0, 0, 0, 0, 0, 1, 0, 
2, 20, 36, 0, 0, 0, 0, 0, 0, 1, 0, 0, 0, 
3, 20, 42, 0, 0, 1, 0, 0, 0, 0, 0, 0, 0, 
2, 21, 6, 0, 0, 0, 0, 0, 0, 0, 0, 1, 0, 
3, 21, 11, 1, 0, 0, 0, 0, 0, 0, 0, 0, 0, 
3, 21, 17, 1, 0, 1, 2, 0, 0, 0, 0, 0, 0, 
3, 21, 20, 0, 1, 0, 0, 0, 0, 0, 0, 0, 0, 
1, 21, 21, 3, 0, 0, 1, 1, 1, 0, 0, 3, 0, 
1, 21, 38, 0, 1, 0, 0, 0, 0, 1, 0, 0, 0, 
2, 21, 41, 0, 0, 0, 0, 0, 0, 0, 0, 1, 0, 
2, 21, 47, 0, 0, 0, 0, 0, 0, 0, 1, 0, 0, 
3, 21, 50, 0, 0, 1, 0, 0, 0, 0, 0, 0, 0, 
3, 22, 17, 0, 2, 0, 0, 0, 0, 0, 0, 0, 0, 
2, 22, 18, 0, 0, 0, 0, 0, 0, 1, 0, 0, 0, 
3, 22, 20, 0, 0, 1, 0, 0, 0, 0, 0, 0, 0, 
2, 22, 27, 0, 0, 0, 0, 0, 0, 0, 1, 0, 0, 
3, 22, 46, 1, 0, 0, 0, 0, 0, 0, 0, 0, 0, 
3, 23, 5, 0, 0, 0, 1, 0, 0, 0, 0, 0, 0, 
3, 23, 12, 0, 1, 0, 0, 0, 0, 0, 0, 0, 0, 
2, 23, 44, 0, 0, 0, 0, 0, 0, 0, 0, 0, 1, 
3, 24, 5, 0, 1, 0, 0, 0, 0, 0, 0, 0, 0, 
2, 24, 9, 0, 0, 0, 0, 0, 0, 0, 1, 0, 1, 
3, 24, 16, 0, 3, 1, 0, 0, 1, 0, 0, 0, 0, 
2, 24, 25, 0, 0, 0, 0, 0, 0, 0, 1, 0, 1, 
3, 24, 27, 0, 0, 2, 0, 0, 0, 0, 1, 1, 0, 
2, 24, 31, 0, 0, 0, 0, 0, 0, 0, 0, 0, 1, 
3, 24, 33, 0, 0, 0, 0, 1, 0, 0, 0, 0, 0, 
2, 24, 37, 4, 0, 5, 2, 2, 2, 3, 4, 2, 6, 
3, 24, 41, 0, 1, 0, 0, 0, 0, 0, 0, 0, 0, 
2, 24, 44, 0, 0, 0, 0, 0, 0, 0, 1, 0, 0, 
1, 24, 45, 0, 1, 0, 0, 0, 0, 0, 0, 1, 0, 
3, 25, 2, 0, 0, 1, 0, 0, 0, 0, 0, 0, 0, 
2, 25, 5, 0, 0, 0, 0, 0, 0, 0, 0, 0, 1, 
2, 25, 16, 0, 0, 0, 0, 0, 1, 0, 0, 0, 0, 
2, 25, 17, 0, 0, 0, 0, 0, 1, 0, 0, 0, 0, 
3, 25, 21, 1, 0, 0, 0, 0, 0, 0, 0, 0, 0, 
3, 26, 9, 0, 0, 0, 1, 0, 0, 0, 0, 0, 0, 
2, 26, 12, 0, 1, 0, 0, 0, 2, 0, 0, 0, 0, 
2, 26, 20, 0, 0, 0, 0, 0, 0, 1, 0, 0, 0, 
3, 26, 21, 0, 2, 0, 0, 0, 0, 0, 0, 0, 0, 
3, 26, 25, 0, 0, 0, 0, 1, 0, 0, 0, 0, 0, 
2, 26, 28, 0, 0, 0, 0, 0, 0, 1, 0, 0, 0, 
2, 26, 33, 0, 0, 0, 0, 0, 0, 0, 0, 1, 0, 
3, 26, 38, 0, 0, 0, 1, 0, 0, 0, 0, 0, 0, 
3, 26, 41, 0, 0, 0, 0, 1, 0, 0, 0, 0, 0, 
3, 27, 2, 1, 0, 0, 0, 0, 0, 0, 0, 0, 0, 
3, 27, 10, 0, 0, 0, 0, 1, 0, 0, 0, 0, 0, 
3, 27, 28, 0, 0, 1, 0, 1, 0, 0, 0, 0, 0, 
3, 27, 37, 3, 0, 0, 0, 1, 1, 2, 0, 1, 1, 
1, 27, 38, 1, 0, 1, 0, 0, 0, 0, 0, 0, 1, 
3, 28, 7, 0, 1, 0, 0, 0, 0, 0, 0, 0, 0, 
2, 28, 11, 0, 0, 0, 0, 0, 0, 0, 0, 0, 1, 
3, 28, 24, 1, 0, 0, 0, 0, 0, 0, 0, 0, 0, 
3, 28, 25, 1, 0, 0, 0, 0, 0, 0, 0, 0, 0, 
2, 28, 33, 0, 0, 0, 0, 0, 0, 0, 0, 0, 1, 
3, 28, 35, 1, 0, 0, 0, 0, 0, 0, 0, 0, 0, 
3, 28, 40, 1, 0, 0, 0, 0, 0, 0, 0, 0, 0, 
1, 28, 41, 0, 0, 0, 0, 1, 1, 0, 0, 0, 0, 
1, 28, 42, 0, 1, 0, 0, 0, 1, 0, 0, 0, 0, 
2, 28, 49, 2, 0, 0, 2, 1, 5, 2, 1, 1, 1, 
3, 28, 50, 0, 1, 0, 1, 0, 0, 0, 0, 0, 0, 
2, 29, 17, 0, 0, 0, 0, 0, 0, 1, 0, 0, 0, 
3, 29, 21, 0, 1, 0, 0, 0, 0, 0, 0, 0, 0, 
1, 29, 49, 1, 0, 1, 0, 0, 0, 0, 2, 0, 1, 
2, 29, 50, 0, 0, 0, 0, 0, 0, 1, 0, 0, 0, 
3, 30, 9, 0, 0, 0, 0, 1, 0, 0, 0, 0, 0, 
2, 30, 10, 0, 0, 0, 0, 0, 0, 0, 0, 1, 0, 
2, 30, 15, 0, 0, 1, 0, 0, 0, 0, 3, 0, 0, 
3, 30, 25, 0, 0, 1, 0, 0, 0, 0, 0, 0, 0, 
2, 30, 30, 0, 0, 0, 0, 0, 0, 0, 1, 0, 0, 
3, 30, 34, 0, 0, 1, 0, 0, 0, 0, 0, 0, 0, 
3, 30, 38, 2, 0, 0, 0, 0, 0, 0, 0, 0, 0, 
1, 30, 40, 0, 1, 0, 0, 0, 0, 0, 1, 0, 0, 
2, 30, 47, 0, 0, 0, 0, 0, 0, 0, 0, 0, 2, 
3, 30, 50, 0, 1, 0, 0, 0, 0, 0, 0, 0, 0, 
1, 31, 7, 0, 1, 0, 0, 0, 0, 1, 0, 0, 0, 
3, 31, 33, 0, 2, 0, 0, 1, 0, 0, 0, 1, 0, 
2, 31, 40, 1, 0, 0, 0, 1, 2, 0, 0, 0, 2, 
3, 31, 42, 0, 0, 0, 1, 0, 0, 0, 0, 0, 0, 
2, 31, 46, 0, 0, 0, 2, 0, 0, 0, 0, 3, 0, 
3, 32, 5, 0, 0, 1, 0, 0, 0, 0, 0, 0, 0, 
2, 32, 32, 0, 0, 0, 0, 0, 0, 1, 0, 0, 0, 
3, 32, 41, 0, 0, 0, 0, 1, 0, 0, 0, 0, 0, 
2, 33, 2, 0, 0, 1, 0, 1, 1, 0, 0, 0, 3, 
2, 33, 13, 0, 0, 0, 0, 0, 1, 0, 0, 0, 0, 
3, 33, 33, 0, 0, 1, 0, 0, 0, 0, 0, 0, 0, 
2, 34, 6, 0, 0, 0, 0, 0, 0, 0, 0, 1, 0, 
3, 34, 13, 0, 1, 2, 0, 0, 0, 1, 0, 0, 0, 
2, 34, 14, 0, 0, 0, 0, 0, 0, 1, 0, 0, 0, 
2, 34, 18, 1, 0, 1, 1, 1, 0, 0, 0, 3, 3, 
3, 34, 29, 0, 0, 0, 0, 2, 0, 0, 0, 1, 0, 
2, 34, 41, 0, 0, 0, 1, 1, 1, 2, 1, 1, 0, 
3, 34, 44, 1, 0, 0, 0, 0, 0, 0, 0, 0, 0, 
2, 34, 45, 0, 0, 1, 1, 0, 0, 0, 1, 2, 0, 
2, 34, 46, 0, 0, 0, 0, 0, 2, 0, 1, 0, 0, 
2, 34, 48, 0, 0, 0, 1, 1, 0, 1, 0, 2, 1, 
2, 35, 2, 0, 1, 0, 0, 0, 1, 0, 4, 0, 0, 
3, 35, 14, 0, 0, 0, 0, 1, 0, 0, 0, 0, 0, 
2, 35, 30, 0, 0, 0, 0, 0, 0, 1, 0, 0, 0, 
2, 35, 31, 0, 0, 0, 0, 0, 1, 0, 1, 0, 0, 
1, 35, 33, 1, 0, 0, 0, 0, 1, 0, 0, 0, 1, 
2, 35, 50, 0, 0, 0, 0, 0, 0, 0, 0, 0, 1, 
2, 36, 5, 0, 0, 0, 0, 0, 0, 0, 1, 0, 0, 
2, 36, 17, 0, 0, 0, 0, 0, 0, 0, 0, 1, 0, 
2, 36, 38, 0, 0, 0, 0, 0, 0, 0, 0, 1, 0, 
2, 37, 11, 0, 0, 0, 0, 0, 0, 1, 2, 1, 0, 
2, 37, 22, 0, 0, 0, 1, 0, 0, 0, 1, 0, 3, 
3, 37, 26, 0, 0, 0, 1, 0, 0, 0, 0, 0, 0, 
2, 37, 30, 0, 1, 0, 0, 0, 0, 2, 0, 0, 0, 
3, 37, 40, 0, 0, 0, 2, 1, 0, 0, 0, 0, 0, 
2, 37, 44, 0, 1, 0, 0, 0, 1, 0, 0, 0, 2, 
2, 38, 4, 0, 0, 0, 0, 0, 0, 0, 0, 0, 1, 
2, 38, 9, 0, 0, 0, 0, 0, 0, 0, 0, 1, 0, 
2, 38, 12, 1, 3, 2, 2, 2, 1, 5, 1, 1, 0, 
3, 38, 13, 2, 0, 0, 0, 0, 0, 1, 0, 0, 0, 
2, 38, 22, 0, 0, 0, 0, 0, 0, 1, 0, 0, 1, 
2, 38, 25, 0, 0, 0, 0, 0, 0, 0, 0, 1, 0, 
3, 38, 26, 0, 0, 0, 0, 1, 0, 0, 0, 0, 0, 
2, 38, 27, 0, 0, 0, 1, 0, 1, 2, 0, 0, 0, 
3, 38, 28, 0, 0, 1, 0, 2, 0, 1, 0, 1, 0, 
2, 38, 35, 0, 0, 0, 0, 0, 0, 1, 0, 0, 0, 
3, 38, 36, 0, 0, 1, 0, 0, 0, 0, 0, 0, 0, 
3, 38, 40, 0, 0, 0, 0, 1, 0, 0, 0, 0, 0, 
3, 38, 43, 0, 2, 0, 0, 1, 0, 0, 0, 0, 0, 
2, 38, 44, 0, 0, 0, 0, 0, 0, 1, 0, 0, 0, 
2, 39, 3, 0, 0, 0, 0, 0, 0, 1, 0, 0, 0, 
3, 39, 12, 0, 0, 1, 0, 0, 0, 0, 0, 0, 0, 
3, 39, 27, 0, 0, 0, 0, 1, 0, 0, 0, 0, 0, 
3, 39, 37, 0, 0, 0, 0, 1, 0, 0, 0, 0, 0, 
3, 40, 6, 0, 0, 1, 0, 0, 0, 0, 0, 0, 0, 
3, 40, 8, 3, 0, 0, 0, 0, 0, 2, 0, 1, 0, 
3, 40, 24, 0, 0, 2, 0, 0, 0, 0, 0, 0, 0, 
2, 40, 33, 0, 0, 0, 0, 0, 0, 0, 1, 0, 0, 
2, 40, 37, 9, 4, 5, 7, 5, 7, 2, 3, 14, 6, 
2, 40, 40, 0, 0, 0, 0, 0, 0, 0, 0, 1, 0, 
3, 40, 41, 2, 0, 0, 1, 0, 0, 0, 0, 1, 0, 
3, 40, 43, 0, 0, 2, 1, 0, 1, 0, 1, 1, 0, 
1, 40, 44, 0, 0, 0, 0, 1, 0, 0, 0, 0, 1, 
3, 40, 45, 0, 0, 2, 0, 1, 0, 0, 1, 0, 1, 
3, 41, 17, 0, 0, 0, 0, 1, 0, 0, 0, 0, 0, 
3, 41, 22, 0, 1, 0, 0, 0, 0, 0, 0, 0, 0, 
2, 41, 31, 0, 0, 0, 0, 0, 1, 0, 0, 0, 0, 
3, 42, 7, 0, 0, 0, 0, 1, 0, 0, 0, 0, 0, 
2, 42, 17, 2, 0, 0, 1, 1, 0, 2, 2, 5, 4, 
2, 42, 18, 2, 0, 1, 0, 2, 0, 4, 1, 0, 1, 
3, 42, 23, 0, 0, 1, 0, 0, 0, 0, 0, 0, 0, 
3, 42, 25, 0, 0, 0, 0, 2, 0, 0, 0, 0, 0, 
2, 42, 29, 0, 0, 0, 0, 0, 0, 0, 1, 0, 0, 
3, 42, 41, 3, 0, 0, 0, 1, 1, 0, 0, 1, 0, 
3, 42, 42, 0, 0, 0, 1, 0, 0, 0, 0, 0, 0, 
3, 42, 46, 0, 0, 0, 0, 2, 0, 1, 0, 0, 1, 
3, 43, 4, 1, 0, 0, 0, 0, 0, 0, 0, 0, 0, 
2, 43, 5, 0, 0, 0, 0, 0, 0, 0, 0, 0, 1, 
2, 43, 11, 0, 0, 0, 0, 0, 0, 0, 1, 0, 0, 
3, 43, 13, 0, 0, 0, 1, 0, 0, 0, 0, 0, 0, 
3, 43, 24, 0, 0, 1, 0, 0, 0, 0, 0, 0, 0, 
2, 43, 27, 0, 0, 0, 0, 0, 0, 1, 0, 0, 0, 
2, 43, 43, 0, 0, 0, 0, 0, 0, 1, 0, 0, 0, 
1, 43, 46, 0, 0, 0, 0, 1, 0, 0, 1, 0, 0, 
2, 43, 48, 0, 0, 0, 0, 0, 0, 0, 0, 0, 1, 
3, 44, 2, 0, 1, 0, 0, 0, 0, 0, 0, 0, 0, 
2, 44, 12, 0, 0, 0, 0, 0, 3, 0, 1, 0, 0, 
1, 44, 17, 1, 0, 0, 0, 0, 0, 0, 0, 1, 0, 
1, 44, 20, 0, 1, 0, 0, 0, 0, 0, 0, 1, 0, 
3, 44, 24, 0, 0, 0, 1, 0, 0, 0, 0, 0, 0, 
2, 44, 27, 0, 0, 0, 0, 0, 0, 1, 0, 0, 0, 
3, 44, 38, 0, 1, 0, 0, 1, 0, 0, 0, 0, 0, 
2, 45, 1, 0, 0, 0, 0, 0, 0, 0, 0, 1, 0, 
2, 45, 10, 1, 1, 0, 0, 0, 2, 0, 1, 0, 0, 
1, 45, 14, 1, 0, 0, 0, 0, 1, 0, 0, 0, 0, 
2, 45, 22, 0, 0, 0, 0, 0, 2, 0, 0, 0, 0, 
3, 45, 50, 0, 0, 0, 2, 0, 0, 0, 0, 0, 0, 
2, 46, 49, 0, 0, 0, 0, 0, 0, 0, 0, 0, 1, 
2, 47, 3, 0, 0, 0, 0, 0, 0, 0, 1, 0, 0, 
3, 47, 17, 0, 1, 0, 0, 0, 0, 0, 0, 0, 0, 
1, 47, 18, 0, 0, 1, 0, 1, 0, 0, 0, 0, 1, 
3, 47, 19, 0, 0, 0, 1, 0, 0, 0, 0, 0, 0, 
2, 47, 22, 0, 0, 0, 0, 0, 1, 0, 0, 0, 0, 
2, 47, 25, 0, 0, 0, 0, 0, 1, 0, 0, 0, 0, 
3, 47, 28, 1, 0, 0, 0, 0, 0, 0, 0, 0, 0, 
2, 47, 38, 0, 0, 0, 0, 0, 0, 0, 1, 0, 0, 
2, 47, 43, 0, 0, 0, 0, 0, 0, 0, 1, 0, 0, 
1, 48, 3, 0, 0, 0, 0, 1, 1, 0, 0, 0, 0, 
2, 48, 8, 0, 0, 0, 0, 0, 0, 1, 0, 0, 0, 
3, 48, 15, 0, 0, 0, 0, 1, 0, 0, 0, 0, 0, 
2, 48, 17, 0, 0, 0, 0, 0, 2, 1, 0, 0, 0, 
1, 48, 33, 0, 0, 0, 0, 1, 0, 1, 0, 0, 0, 
3, 49, 3, 0, 0, 1, 0, 0, 0, 0, 0, 0, 0, 
2, 49, 37, 0, 0, 0, 0, 0, 0, 1, 0, 2, 0, 
3, 50, 3, 0, 0, 0, 1, 0, 0, 0, 0, 0, 0, 
3, 50, 17, 0, 1, 0, 0, 0, 0, 0, 0, 0, 0, 
2, 50, 21, 0, 0, 0, 0, 0, 0, 1, 0, 0, 0, 
2, 51, 4, 0, 0, 0, 0, 0, 1, 0, 0, 0, 0, 
3, 51, 8, 1, 2, 4, 1, 1, 0, 0, 1, 0, 0, 
1, 51, 11, 1, 0, 0, 0, 0, 0, 0, 0, 1, 0, 
2, 51, 17, 2, 1, 5, 1, 1, 4, 7, 3, 2, 3, 
3, 51, 23, 0, 0, 1, 0, 0, 0, 0, 0, 0, 0, 
2, 51, 30, 0, 0, 0, 0, 0, 0, 0, 2, 0, 1, 
3, 51, 34, 0, 1, 0, 0, 0, 1, 0, 0, 0, 0, 
2, 51, 42, 0, 0, 0, 0, 0, 0, 1, 0, 0, 0, 
2, 51, 47, 0, 0, 0, 0, 0, 2, 0, 0, 0, 0, 
2, 51, 50, 0, 0, 0, 0, 0, 0, 0, 0, 0, 2, 
2, 52, 2, 1, 2, 0, 2, 1, 4, 1, 1, 0, 1, 
3, 52, 4, 0, 0, 1, 0, 0, 0, 0, 0, 0, 0, 
3, 52, 7, 0, 0, 1, 1, 0, 0, 0, 0, 0, 0, 
3, 52, 15, 1, 1, 4, 0, 5, 0, 4, 0, 2, 2, 
3, 52, 17, 1, 0, 2, 3, 5, 1, 1, 2, 0, 0, 
1, 52, 23, 0, 1, 0, 0, 0, 0, 1, 0, 0, 0, 
3, 52, 26, 0, 0, 0, 1, 0, 0, 0, 0, 0, 0, 
2, 52, 29, 0, 0, 0, 1, 0, 0, 0, 1, 0, 2, 
3, 52, 33, 1, 0, 0, 1, 0, 0, 0, 0, 0, 0, 
3, 53, 6, 0, 1, 0, 0, 0, 0, 0, 0, 0, 0, 
2, 53, 9, 0, 0, 0, 0, 0, 0, 0, 0, 2, 0, 
3, 53, 24, 1, 0, 0, 1, 0, 0, 0, 0, 0, 0, 
3, 53, 29, 0, 1, 0, 0, 0, 0, 0, 0, 0, 0, 
2, 53, 44, 0, 0, 0, 0, 0, 0, 0, 0, 1, 0, 
2, 54, 6, 0, 0, 0, 0, 0, 0, 0, 0, 0, 1, 
3, 54, 10, 0, 0, 0, 2, 0, 0, 0, 0, 0, 0, 
3, 54, 17, 2, 0, 5, 1, 0, 0, 2, 1, 0, 2, 
3, 54, 23, 1, 0, 0, 0, 0, 0, 0, 0, 0, 0, 
2, 54, 41, 0, 0, 0, 1, 0, 0, 0, 0, 1, 2, 
2, 54, 42, 0, 0, 0, 0, 0, 0, 0, 0, 0, 1, 
1, 54, 43, 0, 0, 0, 2, 1, 0, 0, 0, 0, 2, 
3, 55, 4, 0, 0, 0, 1, 0, 0, 0, 0, 0, 0, 
2, 55, 6, 0, 0, 0, 0, 0, 0, 0, 1, 0, 0, 
1, 55, 8, 2, 0, 0, 0, 0, 0, 2, 0, 0, 0, 
3, 55, 13, 0, 0, 1, 0, 0, 0, 0, 0, 0, 0, 
3, 55, 22, 0, 1, 1, 0, 0, 0, 0, 0, 0, 0, 
3, 55, 25, 0, 0, 0, 0, 1, 0, 0, 0, 0, 0, 
2, 55, 30, 0, 0, 0, 0, 0, 0, 1, 0, 0, 0, 
2, 55, 33, 0, 0, 0, 0, 0, 0, 0, 1, 0, 0, 
2, 55, 43, 0, 0, 0, 0, 0, 0, 0, 0, 1, 0, 
2, 55, 48, 0, 0, 0, 0, 0, 0, 0, 0, 0, 1, 
2, 56, 5, 0, 0, 0, 0, 0, 1, 0, 0, 0, 0, 
3, 56, 12, 1, 0, 0, 0, 0, 0, 0, 0, 0, 0, 
3, 56, 14, 0, 0, 0, 0, 1, 0, 0, 0, 0, 0, 
2, 56, 16, 0, 0, 0, 0, 0, 0, 0, 0, 1, 0, 
3, 56, 17, 0, 1, 0, 0, 0, 0, 0, 0, 0, 0, 
2, 56, 37, 1, 0, 0, 1, 0, 0, 2, 1, 0, 0, 
1, 57, 4, 0, 0, 0, 0, 1, 0, 0, 0, 0, 1, 
2, 57, 12, 0, 0, 0, 0, 0, 0, 0, 1, 0, 0, 
3, 58, 2, 0, 0, 0, 0, 2, 0, 0, 0, 0, 0, 
2, 58, 9, 0, 0, 0, 0, 0, 0, 0, 1, 0, 0, 
3, 58, 15, 0, 0, 2, 0, 0, 0, 1, 0, 0, 0, 
1, 58, 17, 2, 0, 2, 0, 2, 0, 0, 0, 1, 3, 
1, 58, 20, 0, 0, 0, 0, 1, 1, 0, 0, 0, 0, 
3, 58, 22, 1, 0, 0, 0, 0, 0, 0, 0, 0, 0, 
1, 58, 24, 0, 0, 1, 0, 0, 0, 0, 0, 1, 0, 
3, 58, 29, 1, 0, 0, 0, 0, 0, 0, 0, 0, 0, 
1, 58, 34, 1, 0, 0, 0, 0, 0, 0, 0, 0, 1, 
3, 58, 36, 0, 0, 1, 0, 0, 0, 0, 0, 0, 0, 
1, 58, 43, 0, 1, 0, 0, 0, 1, 0, 0, 0, 0, 
2, 58, 47, 0, 0, 0, 0, 0, 0, 1, 0, 0, 0, 
2, 58, 50, 0, 0, 0, 0, 0, 0, 0, 0, 1, 0, 
2, 59, 6, 0, 0, 0, 0, 0, 0, 0, 0, 1, 0, 
2, 59, 10, 0, 0, 0, 0, 0, 0, 0, 0, 1, 0, 
2, 59, 29, 0, 0, 0, 0, 0, 0, 0, 1, 0, 0, 
2, 59, 31, 0, 0, 0, 0, 0, 0, 2, 0, 0, 0, 
3, 59, 34, 0, 0, 1, 0, 0, 0, 0, 0, 0, 0, 
3, 59, 35, 0, 0, 0, 0, 1, 0, 0, 0, 0, 0, 
2, 59, 42, 0, 0, 0, 0, 0, 0, 1, 0, 0, 0, 
2, 60, 11, 0, 0, 0, 0, 1, 0, 0, 2, 0, 0, 
2, 60, 17, 3, 5, 5, 4, 2, 1, 7, 3, 10, 3, 
3, 60, 43, 0, 1, 0, 0, 5, 0, 1, 1, 1, 2, 
3, 61, 4, 0, 0, 0, 1, 0, 0, 0, 0, 0, 0, 
2, 61, 23, 0, 0, 0, 0, 0, 0, 0, 1, 0, 0, 
3, 61, 25, 0, 2, 0, 0, 0, 1, 0, 1, 0, 0, 
3, 61, 28, 1, 0, 1, 3, 0, 0, 0, 0, 0, 0, 
3, 61, 40, 0, 0, 0, 0, 1, 0, 0, 0, 0, 0, 
3, 62, 8, 0, 0, 1, 0, 0, 0, 0, 0, 0, 0, 
3, 62, 13, 0, 0, 0, 0, 1, 0, 0, 0, 0, 0, 
1, 62, 16, 1, 0, 0, 0, 0, 1, 0, 0, 0, 0, 
3, 62, 19, 1, 0, 0, 0, 0, 0, 0, 0, 0, 0, 
3, 63, 18, 0, 4, 0, 0, 2, 0, 0, 0, 0, 0, 
2, 63, 24, 1, 0, 1, 0, 0, 0, 3, 0, 1, 0, 
3, 63, 25, 0, 0, 0, 2, 0, 0, 0, 0, 0, 0, 
2, 63, 28, 2, 0, 1, 1, 0, 1, 0, 4, 0, 0, 
3, 63, 31, 0, 0, 1, 0, 0, 0, 0, 0, 0, 0, 
2, 63, 36, 0, 0, 0, 0, 0, 0, 1, 0, 0, 0, 
2, 63, 46, 0, 0, 0, 0, 0, 2, 0, 0, 0, 0, 
2, 64, 4, 0, 0, 0, 0, 0, 0, 0, 1, 0, 0, 
2, 64, 12, 0, 0, 0, 0, 0, 0, 0, 1, 0, 0, 
3, 64, 27, 0, 1, 0, 0, 0, 0, 0, 0, 0, 0, 
